# objname,logmass,logmass_errup,logmass_errdown,logsfr100,logsfr100_errup,logsfr100_errdown,logsfr10,logsfr10_errup,logsfr10_errdown,mwa,mwa_errup,mwa_errdown,av,av_errup,av_errdown
21,10.00,0.07,0.08,0.62,0.14,0.14,0.56,0.15,0.13,2.48,0.55,0.41,1.10,0.19,0.16
25,9.14,0.08,0.05,1.16,0.04,0.04,1.15,0.03,0.03,0.18,0.56,0.13,1.18,0.06,0.06
40,10.46,0.06,0.21,1.24,0.27,0.09,1.30,0.18,0.08,3.04,0.25,1.43,0.39,0.26,0.07
58,10.26,0.05,0.06,0.97,0.07,0.07,1.10,0.06,0.05,2.92,0.17,0.19,0.29,0.07,0.05
79,11.09,0.03,0.03,1.51,0.10,0.12,1.51,0.09,0.09,2.57,0.17,0.21,1.13,0.09,0.06
143,9.59,0.09,0.15,0.55,0.13,0.13,0.59,0.12,0.11,2.31,0.38,0.66,0.54,0.10,0.10
170,9.41,0.05,0.07,-0.01,0.19,0.13,-0.01,0.15,0.11,2.89,0.38,0.47,0.18,0.17,0.08
190,9.74,0.05,0.07,0.32,0.14,0.11,0.34,0.11,0.07,2.46,0.35,0.40,0.24,0.21,0.07
239,9.45,0.06,0.07,0.03,0.16,0.11,0.08,0.14,0.10,2.89,0.69,0.37,0.12,0.17,0.05
267,10.29,0.05,0.05,1.20,0.09,0.10,1.10,0.06,0.07,2.52,0.54,0.39,1.55,0.16,0.16
274,10.14,0.06,0.07,0.99,0.28,0.13,1.01,0.15,0.14,2.30,0.28,0.28,0.52,0.11,0.19
300,10.26,0.05,0.05,0.79,0.09,0.08,0.83,0.11,0.08,2.53,0.61,0.25,0.58,0.10,0.18
344,9.33,0.13,0.11,0.74,0.15,0.26,0.59,0.11,0.13,1.14,0.73,0.62,0.21,0.08,0.08
407,9.60,0.09,0.06,-0.07,0.20,1.12,-0.15,0.18,1.15,2.44,0.45,0.42,0.43,0.16,0.14
482,10.59,0.04,0.05,1.13,0.13,0.14,1.09,0.11,0.11,2.37,0.27,0.32,1.56,0.15,0.16
499,10.26,0.05,0.06,-1.92,0.64,1.57,-1.81,0.65,1.60,2.70,0.64,0.74,0.40,0.11,0.08
513,9.85,0.12,0.17,1.06,0.05,0.06,1.10,0.07,0.07,1.09,0.60,0.67,1.01,0.06,0.07
528,11.09,0.04,0.05,2.00,0.12,0.16,1.85,0.08,0.11,1.38,0.41,0.58,0.98,0.09,0.09
533,9.22,0.21,0.15,0.45,0.16,0.13,0.33,0.17,0.09,1.48,0.88,0.78,0.33,0.13,0.17
570,8.89,0.16,0.11,0.33,0.32,0.05,0.49,0.07,0.06,1.40,0.51,1.06,0.22,0.08,0.06
601,9.33,0.11,0.10,0.50,0.08,0.09,0.44,0.06,0.09,1.65,0.50,0.43,0.22,0.06,0.07
744,10.12,0.07,0.08,1.08,0.25,0.12,1.08,0.17,0.09,1.83,0.53,0.41,0.57,0.10,0.18
797,10.56,0.04,0.04,1.10,0.08,0.09,1.01,0.08,0.09,2.41,0.26,0.24,1.23,0.09,0.09
931,9.67,0.06,0.06,0.28,0.11,0.12,0.30,0.09,0.11,1.92,0.49,0.67,0.41,0.08,0.09
952,9.07,0.12,0.10,0.63,0.05,0.04,0.54,0.08,0.06,0.71,1.16,0.38,0.61,0.12,0.19
994,9.97,0.05,0.06,0.95,0.07,0.07,0.98,0.06,0.06,0.78,0.31,0.30,0.67,0.07,0.07
1025,9.84,0.06,0.10,0.52,0.25,0.20,0.53,0.19,0.19,2.56,0.30,0.59,0.58,0.20,0.20
1205,8.98,0.13,0.11,0.11,0.11,0.09,0.20,0.09,0.09,1.64,0.47,0.60,0.21,0.11,0.06
1256,11.34,0.02,0.02,-0.84,0.66,1.55,-0.89,0.66,1.58,2.68,0.13,0.14,0.85,0.06,0.06
1603,9.20,0.22,0.09,0.58,0.26,0.25,0.59,0.15,0.13,1.47,0.46,0.86,0.21,0.04,0.13
1609,9.04,0.05,0.05,0.37,0.04,0.04,0.30,0.03,0.04,1.21,0.22,0.26,0.17,0.02,0.01
1695,9.05,0.27,0.16,0.68,0.10,0.22,0.56,0.08,0.16,1.10,0.58,0.54,0.26,0.17,0.09
1772,9.91,0.04,0.05,0.16,0.25,0.54,0.20,0.22,0.53,1.55,0.59,0.60,1.97,0.19,0.17
1826,9.09,0.09,0.09,0.04,0.31,0.13,0.03,0.33,0.15,1.58,0.59,0.64,0.13,0.28,0.08
1848,10.76,0.04,0.04,1.58,0.08,0.15,1.58,0.05,0.07,2.63,0.13,0.12,1.08,0.08,0.06
1851,11.00,0.03,0.05,-0.02,0.68,0.41,-0.03,0.66,0.42,3.43,0.25,0.41,0.65,0.16,0.25
1862,10.06,0.07,0.07,1.01,0.09,0.08,1.06,0.07,0.07,1.81,0.32,0.58,0.91,0.09,0.10
1872,9.89,0.06,0.10,0.31,0.22,0.29,0.27,0.26,0.29,1.85,0.59,0.70,0.86,0.17,0.28
1886,10.20,0.06,0.09,1.06,0.22,0.29,0.91,0.18,0.20,1.97,0.23,0.39,1.28,0.13,0.12
1918,10.69,0.02,0.02,1.55,0.04,0.05,1.31,0.04,0.05,3.28,0.14,0.09,1.25,0.06,0.06
2013,10.02,0.06,0.07,1.01,0.11,0.17,0.97,0.07,0.13,2.56,0.38,0.43,0.78,0.14,0.20
2046,10.21,0.03,0.03,0.55,0.30,0.25,0.53,0.20,0.20,2.30,0.18,0.23,0.24,0.06,0.14
2068,9.25,0.07,0.11,0.07,0.10,0.14,0.10,0.11,0.12,2.49,0.31,0.49,0.24,0.06,0.08
2096,9.69,0.08,0.09,0.51,0.06,0.06,0.52,0.09,0.09,2.52,0.63,0.47,0.96,0.13,0.08
2100,9.34,0.06,0.10,0.46,0.10,0.08,0.35,0.09,0.07,1.88,0.28,0.56,0.20,0.11,0.07
2102,9.53,0.04,0.04,0.73,0.06,0.11,0.51,0.05,0.08,2.30,0.19,0.20,0.20,0.06,0.07
2149,9.38,0.07,0.06,0.43,0.11,0.17,0.37,0.14,0.09,2.23,0.34,0.23,0.18,0.29,0.07
2228,10.56,0.05,0.05,0.94,0.18,0.17,0.96,0.13,0.17,2.39,0.37,0.45,1.43,0.16,0.12
2583,10.00,0.06,0.05,0.76,0.07,0.06,0.85,0.05,0.05,3.20,0.47,0.27,0.33,0.05,0.03
2697,10.17,0.07,0.06,1.13,0.19,0.25,1.08,0.11,0.13,2.29,0.32,0.29,0.65,0.07,0.10
2784,9.34,0.11,0.12,0.74,0.07,0.13,0.74,0.05,0.07,0.73,0.57,0.42,0.48,0.05,0.07
2793,10.70,0.04,0.05,1.46,0.13,0.10,1.33,0.09,0.08,2.21,0.28,0.33,1.52,0.14,0.14
2862,10.42,0.05,0.06,1.10,0.09,0.09,1.10,0.09,0.09,3.05,0.56,0.37,0.55,0.07,0.05
2903,9.70,0.06,0.07,0.81,0.07,0.08,0.75,0.06,0.07,1.16,0.46,0.55,0.80,0.09,0.09
2921,10.09,0.10,0.08,1.14,0.07,0.08,1.17,0.07,0.08,1.74,0.87,0.70,1.08,0.07,0.10
2976,10.06,0.05,0.05,1.02,0.18,0.11,0.98,0.06,0.06,2.01,0.36,0.40,0.27,0.14,0.11
3315,9.02,0.14,0.40,0.34,0.09,0.19,0.38,0.15,0.09,1.51,0.86,0.98,0.15,0.13,0.06
3336,9.47,0.15,0.13,0.31,0.29,0.22,0.23,0.21,0.20,1.91,0.61,0.77,0.54,0.38,0.29
3371,10.26,0.05,0.08,0.22,0.37,0.22,0.16,0.31,0.23,3.51,0.54,0.62,0.68,0.19,0.19
3404,10.27,0.04,0.05,1.38,0.10,0.11,1.21,0.08,0.08,1.48,0.25,0.36,0.67,0.08,0.10
3412,9.42,0.09,0.11,0.32,0.11,0.09,0.33,0.12,0.11,1.74,0.85,0.78,0.51,0.17,0.16
3432,9.00,0.10,0.11,0.21,0.12,0.10,0.24,0.08,0.09,1.00,0.64,0.60,0.40,0.10,0.09
3451,8.94,0.20,0.14,0.48,0.10,0.43,0.37,0.06,0.28,1.79,0.53,0.36,0.18,0.09,0.09
3458,9.51,0.08,0.10,0.86,0.08,0.19,0.80,0.05,0.10,2.36,0.23,0.49,0.31,0.04,0.06
3591,9.37,0.08,0.12,0.30,0.18,0.21,0.30,0.12,0.15,2.38,0.47,0.54,0.34,0.17,0.15
3631,9.24,0.11,0.11,0.70,0.11,0.27,0.60,0.07,0.13,0.85,0.60,0.54,0.22,0.08,0.08
3647,11.12,0.05,0.03,-1.68,0.58,1.68,-1.67,0.57,1.67,3.02,0.59,0.27,0.32,0.07,0.11
3653,9.28,0.10,0.09,0.53,0.13,0.22,0.38,0.11,0.10,1.51,0.54,0.72,0.15,0.09,0.10
3683,10.32,0.09,0.09,1.41,0.07,0.06,1.45,0.05,0.07,1.67,0.49,0.49,1.04,0.08,0.07
3707,9.22,0.11,0.11,0.33,0.32,0.08,0.38,0.11,0.09,0.81,0.40,0.33,0.20,0.05,0.05
3767,10.70,0.02,0.02,-2.11,0.63,1.41,-2.13,0.64,1.41,3.41,0.16,0.17,0.41,0.09,0.10
3811,9.17,0.12,0.12,0.32,0.13,0.20,0.26,0.10,0.17,1.94,0.39,0.49,0.37,0.17,0.19
3871,9.06,0.23,0.30,0.66,0.16,0.42,0.50,0.12,0.25,1.33,0.41,1.11,0.23,0.22,0.11
4056,9.30,0.05,0.06,-0.10,0.13,0.19,-0.25,0.16,0.20,1.97,0.26,0.47,0.10,0.09,0.05
4062,11.00,0.03,0.04,-0.90,0.28,0.65,-0.93,0.31,0.67,3.91,0.46,0.38,0.57,0.07,0.06
4171,10.81,0.05,0.05,1.74,0.16,0.21,1.59,0.10,0.12,2.35,0.35,0.27,1.23,0.12,0.16
4187,9.77,0.06,0.06,0.97,0.04,0.04,1.01,0.03,0.04,1.29,0.34,0.38,0.17,0.03,0.03
4216,11.20,0.03,0.03,1.99,0.14,0.11,1.85,0.10,0.08,2.68,0.16,0.17,0.96,0.08,0.07
4348,10.60,0.04,0.03,0.80,0.24,0.34,0.82,0.12,0.46,2.55,0.23,0.47,1.09,0.25,0.15
4376,10.59,0.08,0.06,2.05,0.05,0.05,2.01,0.02,0.02,0.62,0.65,0.46,1.47,0.08,0.07
4459,10.35,0.04,0.12,-1.15,1.37,0.67,-1.22,1.51,0.66,3.46,0.15,0.43,0.55,0.15,0.16
4529,11.22,0.02,0.02,-2.63,0.95,2.65,-2.59,0.94,2.64,3.68,0.16,0.15,0.28,0.09,0.08
4589,9.35,0.08,0.11,0.33,0.25,0.14,0.24,0.20,0.10,2.09,0.66,0.52,0.17,0.22,0.11
4608,11.12,0.02,0.03,0.12,0.33,0.81,0.09,0.33,0.80,2.86,0.18,0.26,0.83,0.09,0.10
4644,9.72,0.11,0.23,0.53,0.25,0.27,0.53,0.27,0.28,2.11,0.48,0.62,1.45,0.25,0.30
5012,9.67,0.22,0.13,1.23,0.07,0.13,1.25,0.07,0.13,1.21,0.68,0.59,0.51,0.08,0.16
5068,10.04,0.04,0.04,-1.22,0.51,0.99,-1.22,0.49,0.99,3.06,0.33,0.35,1.00,0.22,0.18
5219,9.82,0.05,0.06,0.64,0.10,0.09,0.62,0.07,0.07,1.73,0.28,0.35,0.52,0.06,0.07
5568,9.56,0.08,0.10,0.24,0.25,0.16,0.22,0.17,0.15,2.40,0.44,0.77,0.40,0.27,0.13
5789,9.51,0.06,0.14,0.20,0.25,0.13,0.26,0.10,0.10,2.53,0.27,1.52,0.33,0.41,0.09
5845,9.30,0.06,0.10,-0.01,0.14,0.13,-0.01,0.19,0.13,2.89,0.57,0.32,0.12,0.14,0.08
5950,10.32,0.02,0.02,-2.18,0.77,1.91,-2.10,0.75,1.90,3.17,0.16,0.14,0.68,0.12,0.11
6141,9.76,0.05,0.05,0.95,0.04,0.09,0.94,0.03,0.08,2.34,0.10,0.68,0.16,0.12,0.02
6159,9.62,0.09,0.07,0.75,0.07,0.06,0.75,0.07,0.05,1.36,0.51,0.49,0.18,0.12,0.07
6221,10.97,0.03,0.04,1.70,0.08,0.07,1.75,0.06,0.06,2.54,0.16,0.21,0.98,0.05,0.05
6401,10.71,0.08,0.04,-0.53,0.30,0.69,-0.64,0.37,0.71,3.21,0.58,0.41,0.97,0.12,0.11
6665,9.33,0.19,0.71,0.59,0.07,0.16,0.78,0.17,0.15,1.75,1.02,1.62,0.26,0.22,0.10
7011,10.16,0.03,0.03,0.53,0.11,0.15,0.42,0.12,0.13,1.54,0.32,0.61,0.51,0.15,0.09
7094,9.27,0.08,0.14,-0.02,0.09,0.13,-0.10,0.09,0.07,1.87,0.41,0.69,0.05,0.06,0.03
7183,10.95,0.03,0.04,1.86,0.11,0.16,1.89,0.04,0.04,1.93,0.31,0.60,1.21,0.22,0.09
7195,11.08,0.02,0.02,1.19,0.11,0.08,1.10,0.08,0.05,2.99,0.25,0.18,0.64,0.07,0.09
7219,10.69,0.02,0.13,-1.58,2.64,1.53,-1.53,2.45,1.53,3.25,0.21,0.25,0.26,0.41,0.08
7603,8.84,0.20,0.09,0.67,0.13,0.16,0.54,0.07,0.09,0.47,0.68,0.33,0.10,0.43,0.03
7649,9.45,0.09,0.11,0.56,0.10,0.10,0.51,0.09,0.09,1.28,0.43,0.57,0.48,0.09,0.09
7764,9.49,0.06,0.08,0.27,0.17,0.14,0.21,0.12,0.09,2.43,0.39,0.59,0.39,0.24,0.10
7772,9.71,0.08,0.16,0.71,0.31,0.15,0.68,0.22,0.18,2.07,0.68,1.17,0.44,0.53,0.16
7837,10.46,0.10,0.06,2.01,0.06,0.39,1.81,0.04,0.26,2.03,0.29,0.30,0.70,0.04,0.15
7886,10.95,0.03,0.07,0.93,0.27,0.34,0.81,0.19,0.17,4.14,0.41,1.03,0.82,0.20,0.23
7988,9.83,0.08,0.11,1.01,0.12,0.11,1.00,0.09,0.09,1.93,0.32,0.58,0.80,0.15,0.10
8038,9.76,0.07,0.05,0.34,0.23,0.13,0.39,0.17,0.14,1.92,0.60,0.69,0.83,0.23,0.21
8041,10.65,0.02,0.02,-1.37,0.42,0.80,-1.38,0.41,0.81,3.54,0.25,0.15,0.38,0.11,0.13
8067,10.57,0.04,0.06,-0.23,0.82,0.69,-0.30,0.84,0.60,3.04,0.33,0.38,0.43,0.14,0.10
8113,9.37,0.11,0.08,0.46,0.14,0.14,0.39,0.17,0.13,2.01,0.48,0.79,0.41,0.26,0.23
8154,10.62,0.03,0.05,0.55,0.25,0.27,0.51,0.16,0.29,2.53,0.28,0.32,1.28,0.11,0.15
8167,10.74,0.07,0.08,0.90,0.28,0.64,0.82,0.28,0.69,2.82,0.34,0.32,1.84,0.18,0.15
8402,10.07,0.06,0.07,0.81,0.12,0.15,0.80,0.07,0.08,2.67,0.25,0.24,0.72,0.12,0.10
8461,9.22,0.13,0.14,0.36,0.13,0.14,0.34,0.12,0.13,1.39,0.93,0.63,0.39,0.10,0.15
8540,9.25,0.06,0.08,0.13,0.12,0.07,0.10,0.11,0.07,1.82,0.23,0.38,0.12,0.15,0.08
8586,8.99,0.18,0.05,0.36,0.04,0.17,0.44,0.05,0.02,1.19,1.64,0.44,0.17,0.04,0.02
8976,9.01,0.04,0.03,0.54,0.05,0.05,0.41,0.04,0.04,0.29,0.43,0.14,0.22,0.04,0.04
9026,10.45,0.09,0.06,0.64,0.28,0.93,0.67,0.25,0.81,1.45,0.49,0.49,0.94,0.17,0.13
9372,8.94,0.10,0.08,-0.31,0.11,0.21,-0.35,0.12,0.22,1.02,0.68,0.44,0.07,0.05,0.04
9380,9.77,0.08,0.14,0.88,0.13,0.16,0.91,0.11,0.14,1.84,0.25,0.34,1.29,0.09,0.09
9606,8.86,0.17,0.14,0.26,0.29,0.12,0.22,0.25,0.06,0.80,0.79,0.47,0.29,0.36,0.05
9769,10.77,0.03,0.03,1.73,0.05,0.05,1.72,0.03,0.03,2.54,0.20,0.19,1.49,0.07,0.06
9871,9.70,0.06,0.07,0.62,0.24,0.15,0.68,0.13,0.11,2.46,0.26,0.29,0.31,0.20,0.07
9884,9.52,0.23,0.12,0.91,0.04,0.16,0.97,0.04,0.13,2.13,0.52,0.27,0.04,0.01,0.02
10056,9.71,0.04,0.07,-0.02,0.22,0.23,-0.01,0.20,0.22,2.57,0.38,0.61,0.72,0.20,0.23
10075,9.32,0.09,0.08,-0.20,0.17,0.15,-0.25,0.18,0.14,2.28,0.28,0.48,0.13,0.12,0.08
10099,10.12,0.07,0.30,0.90,0.36,0.18,0.88,0.33,0.19,2.48,0.29,0.63,0.63,0.17,0.22
10246,9.28,0.06,0.13,0.19,0.13,0.13,0.17,0.11,0.11,2.32,0.25,0.69,0.21,0.07,0.09
10413,11.31,0.03,0.02,1.64,0.08,0.26,1.64,0.07,0.23,2.43,0.42,0.42,0.64,0.24,0.09
10465,9.45,0.05,0.06,0.49,0.10,0.13,0.38,0.08,0.09,1.75,0.27,0.24,0.16,0.05,0.05
10496,10.53,0.05,0.06,0.95,0.24,0.23,0.91,0.19,0.19,2.88,0.32,0.29,0.96,0.15,0.16
10679,9.98,0.03,0.05,0.79,0.11,0.07,0.83,0.09,0.06,2.27,0.24,0.26,0.33,0.06,0.05
11058,9.87,0.07,0.08,0.90,0.08,0.06,0.83,0.06,0.06,2.11,0.34,0.59,0.66,0.14,0.07
11156,9.12,0.05,0.04,0.73,0.05,0.06,0.60,0.03,0.03,0.29,0.32,0.14,0.34,0.03,0.04
11425,9.16,0.08,0.09,0.31,0.08,0.12,0.29,0.06,0.07,2.35,0.27,0.32,0.31,0.06,0.06
11618,10.54,0.04,0.04,1.25,0.21,0.17,1.15,0.16,0.09,2.01,0.27,0.25,0.40,0.09,0.11
11981,10.73,0.03,0.04,-1.03,0.47,0.97,-1.00,0.45,0.98,3.32,0.27,0.34,0.57,0.14,0.14
12216,9.62,0.10,0.06,0.87,0.07,0.06,0.84,0.05,0.07,1.07,0.60,0.35,0.84,0.18,0.08
12304,9.83,0.04,0.04,0.63,0.07,0.08,0.63,0.06,0.08,2.34,0.20,0.15,0.11,0.10,0.04
12354,9.12,0.13,0.09,0.33,0.12,0.12,0.25,0.11,0.07,1.72,0.36,0.59,0.25,0.20,0.08
12588,9.39,0.07,0.10,0.30,0.38,0.12,0.30,0.29,0.11,2.19,0.21,0.76,0.20,0.41,0.06
12829,9.50,0.10,0.10,0.60,0.19,0.26,0.53,0.14,0.20,2.43,0.30,0.53,0.63,0.14,0.19
12997,9.46,0.23,0.21,0.88,0.07,0.19,0.90,0.08,0.19,1.50,0.80,0.82,0.29,0.12,0.15
13086,9.17,0.07,0.09,0.35,0.19,0.09,0.34,0.13,0.07,1.39,0.59,0.56,0.12,0.12,0.03
13097,10.55,0.03,0.05,1.46,0.10,0.07,1.37,0.08,0.05,1.73,0.32,0.51,0.93,0.15,0.11
13249,9.87,0.06,0.07,0.77,0.10,0.11,0.82,0.08,0.08,2.28,0.32,0.43,0.78,0.13,0.11
13312,9.50,0.06,0.07,0.39,0.09,0.23,0.29,0.08,0.16,1.26,0.60,0.58,0.38,0.07,0.06
13400,9.66,0.06,0.13,0.85,0.13,0.07,0.79,0.15,0.05,1.58,0.45,0.22,0.26,0.03,0.05
13601,11.09,0.03,0.03,1.93,0.35,0.10,1.82,0.26,0.06,2.82,0.19,0.21,0.98,0.20,0.09
13637,10.81,0.02,0.02,-0.36,0.37,0.43,-0.39,0.31,0.38,2.94,0.25,0.17,0.37,0.10,0.10
13890,9.52,0.04,0.06,0.15,0.09,0.09,0.16,0.10,0.09,2.04,0.31,0.41,0.76,0.13,0.13
13903,9.44,0.10,0.20,0.31,0.13,0.19,0.34,0.11,0.18,1.83,0.63,1.13,0.51,0.12,0.27
13995,8.70,0.15,0.12,0.41,0.06,0.08,0.46,0.04,0.06,1.24,0.68,0.62,0.30,0.07,0.06
14098,9.64,0.09,0.08,0.65,0.23,0.82,0.54,0.14,0.72,1.99,0.51,0.44,0.19,0.06,0.05
14099,10.00,0.04,0.06,0.82,0.23,0.13,0.84,0.13,0.06,1.72,0.94,0.64,0.28,0.06,0.10
14222,9.27,0.13,0.13,0.33,0.11,0.20,0.22,0.18,0.10,1.79,0.56,1.10,0.32,0.26,0.12
14246,10.48,0.03,0.05,1.41,0.07,0.06,1.30,0.05,0.05,2.38,0.14,0.19,2.16,0.14,0.15
14288,9.27,0.14,0.22,0.81,0.39,0.42,0.75,0.24,0.34,0.62,0.64,0.41,0.34,0.45,0.23
14637,10.11,0.15,0.11,1.43,0.07,0.09,1.46,0.04,0.06,1.89,0.34,0.48,0.77,0.10,0.08
14650,9.09,0.17,0.21,0.31,0.20,0.18,0.28,0.17,0.21,1.40,0.68,1.10,0.53,0.34,0.31
14773,9.41,0.16,0.09,0.71,0.09,0.10,0.73,0.06,0.07,0.67,1.14,0.42,1.19,0.08,0.28
14782,9.64,0.08,0.12,0.81,0.32,0.16,0.76,0.15,0.10,0.88,0.42,0.41,0.09,0.05,0.04
15122,10.31,0.03,0.02,0.76,0.18,0.15,0.82,0.09,0.08,2.61,0.09,0.12,0.44,0.13,0.06
15154,9.54,0.11,0.11,-2.04,0.79,1.18,-2.07,0.76,1.19,2.69,0.85,1.11,0.16,0.09,0.10
15300,9.16,0.06,0.06,0.01,0.18,0.07,0.13,0.14,0.07,2.60,0.22,0.33,0.14,0.19,0.06
15336,10.50,0.05,0.05,1.67,0.04,0.04,1.71,0.02,0.02,2.98,0.28,0.26,1.95,0.06,0.06
15585,9.30,0.07,0.06,0.38,0.05,0.04,0.46,0.04,0.03,2.55,0.54,0.64,0.20,0.04,0.04
15704,9.35,0.07,0.07,0.54,0.21,0.07,0.57,0.10,0.05,1.07,0.49,0.47,0.08,0.11,0.02
15746,9.14,0.07,0.09,0.45,0.06,0.06,0.38,0.04,0.05,1.58,0.54,0.43,0.11,0.04,0.03
15753,9.80,0.08,0.06,0.34,0.10,0.12,0.38,0.13,0.14,2.61,1.01,0.49,0.29,0.16,0.11
15775,10.50,0.04,0.04,1.27,0.15,0.06,1.42,0.04,0.03,2.74,0.38,0.46,1.03,0.11,0.08
15870,9.18,0.38,0.09,1.11,0.04,0.14,1.06,0.03,0.15,0.37,0.80,0.26,0.28,0.11,0.03
15924,9.25,0.06,0.05,1.29,0.04,0.05,1.24,0.02,0.03,0.15,0.32,0.10,0.52,0.04,0.05
15959,9.75,0.07,0.12,0.83,0.07,0.11,0.81,0.09,0.09,1.93,0.50,0.63,0.54,0.08,0.13
15967,10.27,0.03,0.03,1.01,0.05,0.06,1.02,0.04,0.05,2.66,0.28,0.23,0.99,0.08,0.17
15988,9.85,0.07,0.15,0.65,0.09,0.18,0.67,0.16,0.18,2.13,0.27,0.43,0.47,0.12,0.22
15991,9.27,0.08,0.09,0.08,0.11,0.15,0.05,0.11,0.26,1.56,0.38,0.52,0.39,0.08,0.10
16048,10.05,0.04,0.04,0.90,0.15,0.29,0.80,0.08,0.13,2.26,0.20,0.29,0.59,0.08,0.08
16049,10.08,0.08,0.07,1.70,0.05,0.05,1.74,0.02,0.03,0.49,0.30,0.33,1.18,0.05,0.05
16123,9.59,0.08,0.07,0.62,0.33,0.10,0.65,0.18,0.09,1.16,0.53,0.44,0.64,0.15,0.10
16236,9.47,0.13,0.17,0.80,0.09,0.08,0.79,0.06,0.06,2.16,0.39,1.49,0.19,0.08,0.04
16275,9.12,0.17,0.08,0.71,0.05,0.10,0.59,0.06,0.06,1.00,0.96,0.67,0.35,0.09,0.17
16336,10.93,0.02,0.02,-2.37,0.85,2.06,-2.36,0.85,2.06,2.84,0.17,0.22,0.26,0.06,0.07
16360,10.52,0.03,0.04,-1.75,0.68,1.60,-1.73,0.64,1.60,3.18,0.19,0.34,0.27,0.16,0.10
16435,10.87,0.03,0.02,1.04,0.20,0.12,1.08,0.07,0.08,3.09,0.21,0.25,1.11,0.10,0.10
16440,10.87,0.03,0.03,1.60,0.07,0.06,1.56,0.05,0.04,1.82,0.29,0.40,1.43,0.10,0.08
16455,10.42,0.04,0.04,1.36,0.07,0.06,1.54,0.03,0.03,2.23,0.20,0.20,0.40,0.05,0.03
16514,10.76,0.02,0.03,0.90,0.18,0.34,0.85,0.16,0.35,2.45,0.21,0.28,0.72,0.08,0.11
16697,9.35,0.04,0.04,1.23,0.01,0.02,1.28,0.01,0.01,1.00,0.20,0.15,0.68,0.02,0.02
16714,9.78,0.07,0.15,0.57,0.22,0.15,0.53,0.21,0.16,1.87,0.47,0.76,0.67,0.13,0.17
16854,9.80,0.05,0.09,0.85,0.10,0.16,0.85,0.07,0.10,1.36,0.78,0.59,0.53,0.17,0.11
16871,9.07,0.15,0.12,0.10,0.11,0.12,0.17,0.09,0.10,2.11,0.44,0.47,0.19,0.12,0.04
16921,9.99,0.11,0.09,-0.33,0.33,0.56,-0.44,0.38,0.57,2.72,0.60,0.84,0.75,0.18,0.15
17026,9.03,0.12,0.14,0.19,0.10,0.16,0.13,0.08,0.12,1.21,0.82,0.71,0.32,0.06,0.18
17062,9.77,0.06,0.06,-0.51,0.35,0.68,-0.47,0.33,0.69,1.85,0.55,0.59,1.06,0.19,0.24
17064,10.44,0.03,0.03,-1.74,0.46,1.16,-1.78,0.47,1.14,4.07,0.61,0.39,0.68,0.29,0.22
17098,9.24,0.10,0.08,0.44,0.07,0.20,0.39,0.06,0.15,1.45,0.70,0.45,0.24,0.08,0.13
17185,9.31,0.06,0.08,0.04,0.25,0.13,0.02,0.25,0.14,1.75,0.52,0.72,0.23,0.24,0.13
17211,10.80,0.04,0.04,1.45,0.07,0.08,1.47,0.05,0.06,1.55,0.33,0.39,2.00,0.08,0.08
17214,10.01,0.14,0.10,1.30,0.22,0.29,1.15,0.18,0.22,1.10,0.91,0.58,1.28,0.28,0.27
17225,9.42,0.06,0.08,0.44,0.10,0.11,0.37,0.08,0.09,2.23,0.48,0.35,0.12,0.14,0.05
17233,9.46,0.14,0.10,0.88,0.09,0.15,0.79,0.06,0.14,1.54,0.44,0.49,0.16,0.04,0.04
17245,10.51,0.02,0.03,0.91,0.10,0.18,0.84,0.09,0.11,2.74,0.19,0.26,1.30,0.16,0.12
17254,9.57,0.11,0.10,0.60,0.08,0.22,0.60,0.09,0.26,1.55,0.94,1.04,0.94,0.22,0.49
17265,10.07,0.05,0.08,1.20,0.12,0.39,1.01,0.10,0.20,1.95,0.29,0.57,0.40,0.08,0.20
17376,10.22,0.04,0.05,1.28,0.12,0.12,1.26,0.07,0.07,1.26,0.57,0.47,0.45,0.07,0.13
17418,11.61,0.02,0.02,-1.47,0.65,1.45,-1.50,0.65,1.44,3.31,0.15,0.18,0.51,0.06,0.08
17422,9.40,0.06,0.06,0.48,0.07,0.06,0.51,0.06,0.05,1.31,0.48,0.48,0.10,0.04,0.04
17433,11.11,0.03,0.03,-0.87,0.49,0.63,-0.88,0.37,0.62,3.68,0.55,0.24,0.31,0.17,0.06
17474,9.26,0.23,0.14,0.77,0.07,0.26,0.78,0.05,0.23,1.87,0.41,0.57,0.37,0.04,0.13
17652,9.47,0.07,0.08,0.94,0.06,0.08,1.00,0.04,0.05,0.78,0.46,0.35,0.20,0.05,0.04
17843,9.83,0.04,0.07,0.67,0.20,0.13,0.56,0.20,0.11,2.05,0.21,0.35,0.11,0.08,0.06
18048,10.71,0.03,0.02,-2.27,0.73,1.70,-2.22,0.72,1.67,3.27,0.28,0.22,0.38,0.09,0.09
18130,10.64,0.02,0.08,-1.88,0.72,1.58,-1.92,0.69,1.58,3.62,0.28,0.55,0.28,0.12,0.22
18132,10.16,0.07,0.08,1.16,0.07,0.08,1.30,0.04,0.04,2.16,0.33,0.39,0.76,0.04,0.04
18146,9.01,0.09,0.11,0.17,0.05,0.04,0.25,0.05,0.04,2.18,0.28,0.47,0.21,0.05,0.04
18160,11.10,0.02,0.03,1.51,0.22,0.12,1.43,0.14,0.09,2.55,0.22,0.27,1.15,0.10,0.10
18326,10.63,0.03,0.04,1.47,0.10,0.12,1.29,0.07,0.08,2.01,0.20,0.17,0.72,0.08,0.09
18375,9.19,0.09,0.08,0.47,0.07,0.11,0.31,0.07,0.08,1.65,0.19,0.25,0.08,0.10,0.02
18380,9.60,0.06,0.06,0.31,0.14,0.27,0.15,0.15,0.29,1.89,0.27,0.44,0.14,0.11,0.03
18405,8.98,0.16,0.06,0.51,0.05,0.06,0.45,0.03,0.06,0.70,0.79,0.49,0.38,0.05,0.04
18413,8.86,0.12,0.10,0.22,0.07,0.07,0.28,0.06,0.06,0.89,0.50,0.36,0.14,0.08,0.03
18443,8.92,0.52,0.04,0.88,0.02,0.02,0.82,0.03,0.01,0.74,1.36,0.25,0.46,0.34,0.02
18572,9.07,0.08,0.18,0.27,0.26,0.23,0.30,0.21,0.15,1.47,0.52,0.88,0.38,0.22,0.15
18619,9.69,0.08,0.11,0.45,0.23,0.14,0.49,0.16,0.18,2.24,0.52,0.66,0.85,0.20,0.23
18661,10.36,0.04,0.06,0.76,0.18,0.12,0.81,0.15,0.12,2.55,0.21,0.17,0.95,0.08,0.08
18715,10.38,0.05,0.06,0.91,0.12,0.15,0.97,0.12,0.12,3.00,0.45,0.28,0.75,0.09,0.12
18732,9.42,0.07,0.07,0.50,0.12,0.13,0.44,0.06,0.08,1.48,0.39,0.50,0.55,0.05,0.08
18767,10.05,0.07,0.08,0.77,0.16,0.18,0.76,0.15,0.17,2.48,0.33,0.35,0.79,0.10,0.10
18821,10.77,0.03,0.04,1.78,0.08,0.08,1.77,0.05,0.05,2.34,0.45,0.33,1.37,0.10,0.10
18908,9.85,0.05,0.05,0.74,0.09,0.11,0.63,0.08,0.08,1.87,0.88,0.65,0.40,0.15,0.19
18941,10.31,0.02,0.02,-3.07,0.84,1.96,-2.97,0.81,1.96,3.54,0.18,0.18,0.20,0.06,0.08
18946,9.33,0.08,0.12,0.28,0.23,0.15,0.23,0.17,0.15,1.56,0.49,0.51,0.44,0.11,0.13
19133,9.02,0.13,0.28,0.44,0.31,0.28,0.32,0.24,0.27,1.15,0.44,0.96,0.18,0.07,0.14
19136,10.08,0.04,0.05,1.08,0.06,0.10,0.95,0.05,0.06,2.03,0.26,0.38,0.46,0.07,0.07
19176,9.25,0.06,0.19,0.40,0.09,0.06,0.46,0.09,0.08,1.75,0.18,0.50,0.45,0.09,0.09
19202,9.34,0.05,0.06,-0.08,0.16,0.20,-0.15,0.18,0.20,2.09,0.47,0.44,0.31,0.15,0.13
19422,10.51,0.05,0.04,1.24,0.13,0.23,1.12,0.08,0.18,2.62,0.27,0.18,1.04,0.09,0.12
19508,10.87,0.04,0.08,0.08,0.50,0.48,-0.00,0.50,0.47,3.02,0.29,0.34,2.36,0.19,0.11
19633,10.15,0.05,0.06,1.20,0.16,0.09,1.16,0.06,0.07,2.47,0.31,0.25,0.50,0.07,0.06
20066,9.00,0.18,0.29,0.60,0.09,0.10,0.63,0.08,0.06,0.85,0.61,0.65,0.08,0.02,0.02
20168,10.11,0.06,0.06,1.54,0.05,0.20,1.45,0.03,0.07,1.70,0.28,0.39,0.62,0.07,0.04
20261,9.73,0.06,0.09,0.55,0.14,0.11,0.51,0.11,0.09,1.92,0.34,0.95,0.38,0.30,0.14
20344,9.86,0.06,0.19,1.04,0.12,0.17,0.87,0.08,0.15,1.84,0.23,1.01,0.22,0.23,0.08
20539,9.51,0.07,0.05,0.63,0.06,0.07,0.59,0.06,0.06,0.75,0.50,0.34,0.30,0.05,0.07
20627,9.63,0.09,0.10,0.86,0.13,0.10,0.86,0.08,0.11,1.03,0.91,0.57,0.70,0.12,0.32
20639,10.66,0.03,0.02,1.08,0.13,0.07,1.16,0.05,0.04,2.73,0.20,0.19,1.05,0.15,0.08
20663,9.25,0.13,0.10,0.28,0.14,0.16,0.28,0.12,0.14,1.65,0.65,0.76,0.21,0.18,0.11
20860,9.19,0.12,0.10,-0.07,0.20,0.18,-0.06,0.14,0.12,2.20,0.53,0.59,0.13,0.14,0.07
21038,10.52,0.04,0.04,1.09,0.09,0.11,1.10,0.07,0.10,2.48,0.18,0.28,0.95,0.10,0.13
21174,9.66,0.06,0.08,0.45,0.14,0.12,0.43,0.16,0.10,2.52,0.25,0.33,0.65,0.26,0.13
21201,9.37,0.08,0.13,0.13,0.11,0.17,0.10,0.13,0.16,2.26,0.50,0.68,0.78,0.19,0.46
21226,9.53,0.09,0.09,0.39,0.15,0.16,0.39,0.10,0.12,2.73,0.56,0.90,0.46,0.16,0.12
21315,8.99,0.19,0.11,0.46,0.15,0.30,0.41,0.15,0.29,1.37,0.77,0.70,0.43,0.12,0.23
21329,10.12,0.04,0.05,0.93,0.10,0.14,0.80,0.06,0.07,2.03,0.49,0.38,1.39,0.16,0.25
21379,9.59,0.12,0.14,0.95,0.07,0.11,1.03,0.05,0.06,1.74,0.82,0.71,0.11,0.04,0.04
21708,10.64,0.08,0.05,0.84,0.20,1.74,0.81,0.16,1.66,2.79,0.27,0.35,1.05,0.09,0.08
21772,10.83,0.01,0.01,-2.72,0.90,2.22,-2.81,0.90,2.23,3.56,0.10,0.10,0.36,0.06,0.09
21894,10.44,0.03,0.03,-2.64,0.69,1.56,-2.58,0.67,1.59,3.62,0.22,0.28,0.27,0.14,0.08
21926,10.97,0.08,0.06,-1.04,1.37,1.21,-1.00,1.26,1.22,2.89,0.74,0.45,0.43,0.12,0.12
21963,9.43,0.08,0.07,0.76,0.12,0.26,0.63,0.08,0.16,1.41,0.63,0.59,0.51,0.09,0.15
21971,9.27,0.06,0.07,0.14,0.12,0.08,0.13,0.12,0.08,2.05,0.18,0.36,0.33,0.13,0.06
22002,11.32,0.08,0.02,-0.81,0.16,0.32,-0.80,0.15,0.32,3.69,1.24,0.28,0.28,0.07,0.05
22059,10.65,0.04,0.07,1.21,0.25,0.35,1.20,0.12,0.35,2.29,0.38,0.55,1.62,0.32,0.18
22173,10.63,0.03,0.03,0.95,0.06,0.25,0.95,0.04,0.08,4.82,0.19,0.17,0.04,0.02,0.02
22279,10.51,0.04,0.06,0.97,0.14,0.29,0.88,0.13,0.19,2.51,0.19,0.35,0.76,0.13,0.13
22312,9.22,0.08,0.12,0.34,0.15,0.16,0.14,0.15,0.13,1.60,0.55,0.64,0.18,0.19,0.12
22343,10.10,0.06,0.06,0.70,0.09,0.13,0.69,0.09,0.11,2.32,0.66,0.36,0.80,0.11,0.20
22371,10.87,0.04,0.04,1.91,0.07,0.08,1.93,0.04,0.04,2.69,0.14,0.14,0.99,0.08,0.07
22385,10.26,0.06,0.08,1.12,0.08,0.13,1.18,0.07,0.11,1.55,0.40,0.41,0.76,0.07,0.07
22456,10.47,0.08,0.16,1.53,0.23,0.17,1.52,0.18,0.11,2.43,0.33,0.69,1.50,0.29,0.20
22632,9.23,0.05,0.06,0.65,0.10,1.08,0.43,0.10,0.89,1.88,0.16,0.55,0.38,0.10,0.11
22697,9.24,0.14,0.29,0.20,0.23,0.26,0.16,0.26,0.18,2.00,0.53,0.94,0.66,0.22,0.20
22727,9.19,0.10,0.11,0.11,0.24,0.21,-0.02,0.24,0.21,1.53,0.47,0.62,0.40,0.15,0.16
22795,10.11,0.07,0.08,-0.21,0.58,0.98,-0.25,0.56,0.96,2.39,0.45,0.43,1.49,0.16,0.11
22804,9.40,0.06,0.05,0.45,0.10,0.09,0.44,0.08,0.07,1.54,0.33,0.30,0.32,0.13,0.07
22833,9.63,0.07,0.07,0.46,0.14,0.34,0.31,0.13,0.37,2.35,0.23,0.31,0.29,0.10,0.11
22834,10.59,0.02,0.03,1.38,0.08,0.06,1.28,0.05,0.05,2.96,0.11,0.15,0.55,0.05,0.04
22847,10.42,0.04,0.04,-0.51,0.44,0.59,-0.58,0.45,0.60,3.14,0.26,0.32,0.58,0.17,0.19
22857,10.21,0.05,0.07,0.94,0.17,0.15,0.90,0.09,0.12,2.82,0.56,0.87,0.45,0.14,0.11
22919,10.82,0.01,0.03,-1.18,0.67,0.74,-1.23,0.65,0.74,3.79,0.11,0.16,0.61,0.18,0.07
23053,10.12,0.09,0.08,1.17,0.08,0.06,1.17,0.05,0.07,1.91,0.32,0.34,0.27,0.06,0.08
23086,9.32,0.09,0.12,0.46,0.12,0.26,0.53,0.08,0.10,2.23,0.44,0.31,0.56,0.07,0.12
23156,9.31,0.05,0.05,0.59,0.11,0.08,0.46,0.07,0.06,1.16,0.34,0.27,0.10,0.03,0.02
23250,9.90,0.05,0.06,0.26,0.21,0.26,0.28,0.18,0.25,2.96,0.37,0.36,1.05,0.16,0.15
23316,10.18,0.05,0.06,0.07,0.21,0.30,0.09,0.21,0.33,2.30,0.36,0.48,1.00,0.15,0.13
23351,9.71,0.05,0.05,0.01,0.13,0.15,0.03,0.15,0.15,3.27,0.29,0.47,0.35,0.10,0.10
23441,10.21,0.04,0.04,1.09,0.08,0.06,1.12,0.05,0.05,1.91,0.25,0.32,1.19,0.11,0.09
23451,9.40,0.12,0.14,0.75,0.11,0.50,0.68,0.07,0.29,1.25,0.73,0.53,0.69,0.18,0.53
23491,9.79,0.16,0.12,0.26,0.18,0.43,0.26,0.19,0.45,2.84,0.53,0.50,0.68,0.21,0.17
23570,9.28,0.13,0.10,0.93,0.12,0.13,0.79,0.09,0.09,0.91,0.67,0.59,0.56,0.07,0.07
23579,10.43,0.05,0.07,-0.38,0.77,0.76,-0.39,0.83,0.66,3.47,0.44,0.30,0.54,0.19,0.18
23685,9.61,0.11,0.23,0.72,0.43,0.15,0.71,0.26,0.13,1.12,0.37,0.47,0.22,0.47,0.07
23720,9.19,0.10,0.34,0.31,0.13,0.16,0.23,0.19,0.13,1.90,0.47,0.63,0.29,0.16,0.17
23761,10.67,0.04,0.03,0.10,0.37,0.60,0.10,0.36,0.61,2.65,0.29,0.23,1.19,0.10,0.11
23795,10.67,0.03,0.03,-0.15,0.21,0.27,-0.28,0.15,0.21,3.88,0.47,0.30,0.33,0.09,0.11
23817,8.91,0.12,0.08,0.89,0.09,0.20,0.78,0.06,0.16,0.58,0.63,0.50,0.42,0.07,0.23
23844,9.70,0.07,0.12,0.73,0.10,0.10,0.71,0.08,0.10,2.21,0.39,0.63,0.21,0.09,0.07
23851,9.06,0.09,0.11,0.24,0.14,0.08,0.25,0.05,0.07,1.88,0.63,0.44,0.20,0.05,0.07
23855,9.97,0.07,0.08,0.96,0.07,0.06,1.06,0.05,0.05,2.52,0.20,0.19,1.18,0.07,0.07
23882,9.80,0.06,0.07,0.08,0.18,0.16,0.08,0.18,0.17,2.96,0.48,0.49,0.93,0.30,0.26
23903,9.19,0.06,0.07,0.41,0.04,0.05,0.46,0.03,0.04,3.01,0.42,0.33,0.17,0.02,0.03
23927,10.41,0.03,0.04,0.86,0.19,0.13,0.77,0.15,0.14,2.58,0.36,0.36,0.82,0.09,0.15
23941,9.45,0.11,0.18,0.55,0.65,0.13,0.36,0.65,0.11,1.58,0.30,1.02,0.39,0.49,0.16
24066,8.78,0.15,0.18,0.25,0.13,0.13,0.28,0.07,0.08,1.34,0.81,0.62,0.03,0.05,0.02
24130,10.85,0.05,0.05,1.19,0.22,0.28,1.14,0.19,0.25,3.26,0.54,0.57,0.67,0.10,0.19
24144,9.45,0.15,0.16,0.42,0.24,0.26,0.30,0.17,0.21,1.66,0.64,0.53,0.42,0.64,0.18
24185,10.39,0.06,0.06,1.28,0.13,0.10,1.25,0.09,0.10,2.45,0.41,0.30,0.61,0.08,0.09
24257,9.66,0.07,0.10,0.79,0.11,0.10,0.80,0.09,0.12,1.36,0.44,0.59,0.47,0.10,0.15
24313,10.21,0.03,0.03,-0.25,0.46,0.79,-0.27,0.41,0.77,2.41,0.16,0.29,0.08,0.05,0.04
24316,10.30,0.13,0.08,1.29,0.11,0.16,1.31,0.09,0.17,1.70,0.39,0.33,0.58,0.07,0.09
24336,9.38,0.09,0.08,-0.23,0.28,0.33,-0.21,0.29,0.35,2.75,0.49,0.66,0.51,0.31,0.21
24348,11.00,0.02,0.02,-1.99,0.87,1.64,-1.86,0.66,1.64,3.62,0.19,0.13,0.40,0.06,0.09
24354,10.17,0.07,0.07,1.39,0.05,0.05,1.46,0.03,0.04,1.26,0.30,0.35,1.20,0.10,0.09
24355,9.76,0.12,0.21,1.02,0.19,0.31,0.98,0.07,0.08,1.62,0.66,1.15,0.24,0.08,0.08
24372,11.04,0.03,0.02,-1.09,0.40,1.30,-0.98,0.37,1.29,3.27,0.15,0.17,0.65,0.12,0.17
24389,9.23,0.08,0.11,0.35,0.13,0.10,0.34,0.09,0.09,1.86,0.33,0.44,0.17,0.07,0.09
24408,9.86,0.05,0.07,-0.99,0.70,0.69,-1.04,0.68,0.68,3.17,0.73,0.52,0.35,0.27,0.23
24497,11.22,0.01,0.09,1.78,0.01,0.01,2.08,0.01,0.01,4.82,0.19,0.40,0.13,0.01,0.00
24511,9.88,0.09,0.10,1.01,0.08,0.14,1.06,0.07,0.14,1.69,0.48,0.54,0.78,0.07,0.07
24720,9.57,0.05,0.05,0.20,0.13,0.20,0.02,0.12,0.14,2.20,0.36,0.32,0.08,0.07,0.05
24779,11.06,0.03,0.04,1.46,0.16,0.10,1.40,0.08,0.07,3.14,0.30,0.54,0.97,0.22,0.19
24785,9.30,0.05,0.05,0.14,0.08,0.04,0.20,0.04,0.05,2.12,0.19,0.17,0.06,0.02,0.02
24786,9.48,0.08,0.10,0.89,0.05,0.05,0.89,0.04,0.04,1.76,0.28,0.40,0.78,0.05,0.06
24814,9.46,0.11,0.17,0.70,0.07,0.13,0.72,0.07,0.09,1.82,0.44,0.70,0.36,0.07,0.09
24851,9.27,0.17,0.40,0.52,0.33,0.30,0.60,0.31,0.28,2.05,0.41,1.80,1.04,0.26,0.50
24862,9.71,0.18,0.23,1.46,0.07,0.10,1.33,0.06,0.09,1.64,0.63,1.35,1.66,0.08,0.08
24943,10.41,0.03,0.03,0.89,0.20,0.17,0.84,0.12,0.13,2.60,0.41,0.41,0.63,0.08,0.09
25028,9.60,0.08,0.08,0.40,0.20,0.13,0.36,0.16,0.17,2.06,0.69,0.71,0.24,0.13,0.07
25037,10.14,0.08,0.08,1.16,0.06,0.06,1.18,0.07,0.08,1.60,0.70,0.53,1.19,0.08,0.09
25060,10.98,0.02,0.02,-2.02,0.65,1.74,-2.16,0.64,1.75,3.80,0.11,0.11,0.28,0.08,0.17
25120,10.30,0.08,0.08,1.43,0.09,0.27,1.34,0.07,0.10,1.90,0.28,0.29,1.24,0.07,0.14
25137,9.87,0.06,0.05,0.69,0.07,0.17,0.66,0.08,0.13,1.52,1.23,0.56,0.23,0.08,0.04
25206,11.54,0.02,0.02,0.65,0.09,0.12,0.55,0.10,0.11,3.37,0.21,0.27,0.75,0.06,0.05
25211,9.35,0.06,0.07,0.36,0.08,0.07,0.33,0.06,0.06,2.70,0.22,0.25,0.21,0.06,0.04
25246,10.72,0.02,0.02,0.46,0.08,0.07,0.55,0.08,0.06,4.57,0.16,0.32,0.12,0.03,0.04
25248,9.11,0.15,0.14,0.59,0.05,0.05,0.66,0.04,0.07,1.66,0.42,0.61,0.45,0.06,0.06
25250,10.91,0.02,0.01,-2.47,0.86,2.12,-2.48,0.85,2.13,3.32,0.10,0.09,0.36,0.06,0.05
25270,9.65,0.10,0.09,0.93,0.07,0.07,0.95,0.06,0.09,1.12,0.50,0.47,0.81,0.10,0.10
25295,10.90,0.03,0.03,1.63,0.11,0.09,1.52,0.08,0.07,2.35,0.45,0.38,1.28,0.15,0.13
25341,9.27,0.07,0.07,0.28,0.23,0.10,0.24,0.19,0.10,1.64,0.43,0.62,0.33,0.21,0.09
25373,9.69,0.07,0.14,0.52,0.28,0.10,0.57,0.13,0.06,2.71,0.44,1.59,0.20,0.32,0.04
25389,9.34,0.07,0.09,-0.28,0.25,0.25,-0.28,0.21,0.27,2.34,0.58,0.59,0.27,0.17,0.13
25406,9.40,0.11,0.15,0.54,0.11,0.12,0.54,0.10,0.11,2.19,0.62,1.20,0.37,0.14,0.09
25465,10.97,0.02,0.06,-0.94,0.35,0.96,-1.01,0.29,0.99,3.61,0.11,0.59,0.26,0.09,0.08
25489,11.04,0.02,0.21,-0.54,1.85,0.39,-0.58,1.78,0.37,3.33,0.09,0.90,0.75,0.37,0.10
25565,9.37,0.08,0.16,-0.13,0.28,0.45,-0.11,0.23,0.51,2.18,0.62,0.89,0.46,0.22,0.19
25573,10.83,0.03,0.04,1.69,0.14,0.24,1.51,0.09,0.16,2.31,0.25,0.24,0.99,0.18,0.08
25681,9.64,0.08,0.09,0.17,0.20,0.35,0.17,0.21,0.40,2.35,0.42,0.48,0.54,0.14,0.14
25794,9.86,0.10,0.08,0.49,0.17,0.48,0.37,0.16,0.44,2.45,0.43,0.78,0.78,0.24,0.17
26039,9.63,0.07,0.08,0.41,0.10,0.09,0.38,0.09,0.08,2.69,0.45,0.39,0.26,0.11,0.05
26092,10.51,0.04,0.05,1.44,0.13,0.08,1.34,0.09,0.05,2.07,0.40,0.55,0.61,0.09,0.09
26173,10.20,0.07,0.06,-0.11,0.49,0.86,-0.22,0.49,0.78,2.20,0.73,0.64,0.73,0.12,0.20
26185,10.38,0.04,0.07,1.18,0.19,0.16,1.00,0.15,0.09,1.94,0.27,0.37,1.45,0.16,0.14
26255,9.86,0.08,0.05,1.01,0.07,0.05,1.06,0.04,0.05,0.76,0.57,0.37,0.28,0.04,0.04
26300,10.34,0.04,0.05,1.06,0.08,0.09,1.04,0.07,0.08,2.88,0.41,0.40,1.10,0.12,0.11
26345,9.73,0.09,0.35,0.95,0.44,0.18,0.89,0.29,0.17,1.20,0.78,0.80,0.41,0.58,0.30
26397,9.15,0.14,0.21,0.40,0.11,0.13,0.34,0.14,0.14,2.03,0.40,1.07,0.33,0.17,0.20
26398,10.25,0.10,0.10,1.30,0.09,0.08,1.43,0.06,0.06,2.51,0.32,0.42,0.98,0.07,0.06
26476,9.53,0.07,0.07,0.53,0.23,0.09,0.57,0.11,0.10,1.68,0.66,1.05,0.24,0.12,0.06
26491,9.01,0.33,0.17,0.49,0.34,0.14,0.47,0.28,0.12,1.21,0.41,0.45,0.12,0.61,0.03
26535,11.01,0.02,0.02,-1.82,0.53,1.40,-1.85,0.53,1.42,3.84,0.18,0.18,0.43,0.07,0.08
26600,9.27,0.08,0.09,0.41,0.15,0.22,0.24,0.13,0.18,1.97,0.54,0.65,0.46,0.15,0.14
26605,9.27,0.08,0.16,0.72,0.14,0.14,0.54,0.13,0.12,0.40,0.74,0.24,0.99,0.11,0.26
26618,9.88,0.06,0.08,0.49,0.27,0.14,0.55,0.13,0.12,2.05,0.33,0.61,0.82,0.13,0.10
26647,9.66,0.08,0.13,0.66,0.22,0.23,0.64,0.13,0.25,2.29,0.21,0.80,0.29,0.26,0.18
26722,10.32,0.05,0.07,0.47,0.27,0.35,0.41,0.29,0.29,2.96,0.32,0.29,1.34,0.11,0.12
26755,11.26,0.02,0.02,1.11,0.12,0.09,0.99,0.07,0.07,2.68,0.18,0.16,0.64,0.06,0.05
