# ID    tau_v16   tau_v50   tau_v84   age_mw16   age_mw50   age_mw84   Mstar16   Mstar50   Mstar84   SFR16_7   SFR50_7   SFR84_7   SFR16_8   SFR50_8   SFR84_8 Av Av_std AGNFRAC_8_1000 
  10099         2.297   2.577   3.567   8.825   8.925   9.025   9.807   9.857   9.902 0.632   0.727   0.832 0.632   0.737   0.837 0.515 0.0133216843905 0.01653 
  10413         1.892   1.892   3.727   9.025   9.325   9.325   11.100   11.320   11.320 1.587   1.622   1.622 1.607   1.627   1.627 0.6775 0.0160228149836 0.008511 
  10679         0.482   0.482   0.482   8.775   8.775   8.775   9.682   9.707   9.722 0.692   0.707   0.727 0.702   0.717   0.737 0.2875 0.0072638075415 0.04773 
  11618         0.977   0.977   2.037   8.775   8.925   8.975   10.260   10.300   10.370 1.047   1.067   1.192 1.062   1.082   1.202 0.38 0.0109373339987 0.02461 
  12216         2.377   2.377   2.402   8.575   8.575   8.575   9.512   9.522   9.527 0.747   0.752   0.762 0.752   0.757   0.767 0.915 0.0198248701131 0.009972 
  12304         0.502   0.502   0.502   8.675   8.675   8.675   9.532   9.542   9.562 0.667   0.677   0.687 0.672   0.682   0.692 0.2775 0.00726790719534 0.0258 
  1256         2.272   2.272   3.527   8.925   8.925   8.925   11.050   11.190   11.190 0.862   0.862   0.907 0.872   0.872   0.917 1.66125 0.0307970355716 0.002081 
  13097         1.612   1.662   1.717   8.875   8.875   9.025   10.350   10.360   10.450 1.172   1.227   1.247 1.182   1.237   1.257 0.915 0.019347823521 0.01662 
  13601         2.067   2.172   2.172   9.075   9.075   9.175   11.090   11.090   11.190 1.557   1.582   1.587 1.572   1.597   1.602 1.235 0.0254014389356 0.002928 
  14246         3.527   3.992   5.002   8.825   8.825   9.025   10.560   10.580   10.580 0.372   0.372   1.362 0.377   0.377   1.367 3.085 0.0569179433483 0.002346 
  14637         3.717   3.717   3.717   8.325   8.325   8.325   10.020   10.020   10.020 1.487   1.492   1.492 1.492   1.497   1.497 1.05 0.0227011293772 6.223e-05 
  14782         1.072   1.127   1.127   8.275   8.475   8.575   9.422   9.512   9.532 0.757   0.822   0.922 0.767   0.832   0.937 0.385 0.00947345765811 0.01739 
  15122         1.012   1.012   2.607   9.025   9.075   9.125   10.120   10.200   10.210 0.837   0.967   0.977 0.852   0.967   0.982 0.85 0.0172270310849 0.004733 
  15336         3.942   3.942   3.942   8.875   8.875   8.875   10.970   10.970   10.970 0.852   0.857   0.857 0.862   0.867   0.867 3.5525 0.0656608427832 0.0 
  15775         2.437   2.437   3.382   9.025   9.025   9.025   10.550   10.560   10.570 1.372   1.407   1.412 1.372   1.407   1.412 1.5625 0.0333156491007 0.001943 
  15924         1.062   2.817   2.817   7.925   8.225   8.225   9.382   9.382   9.392 0.987   0.987   1.257 0.992   0.992   1.272 0.5225 0.0127663581338 0.01264 
  15967         2.082   2.087   3.177   8.875   9.025   9.025   10.210   10.240   10.310 0.922   0.947   1.127 0.932   0.957   1.137 1.6225 0.034071716643 0.001605 
  16048         2.027   2.027   2.027   8.725   8.725   8.725   9.942   9.957   9.957 0.972   0.982   0.987 0.987   0.997   1.002 1.0875 0.0227668069786 0.01548 
  16049         2.747   2.747   2.747   9.125   9.125   9.125   10.470   10.490   10.490 1.732   1.747   1.747 1.717   1.732   1.732 1.7925 0.0374999253333 0.007385 
  16435         2.122   2.122   3.617   8.975   9.275   9.275   10.770   10.830   10.840 0.967   1.107   1.122 0.982   1.112   1.127 1.2525 0.0263797322769 0.006208 
  16440         2.012   2.597   2.597   9.175   9.175   9.225   10.930   10.970   10.980 1.422   1.487   1.502 1.432   1.492   1.507 1.4675 0.0297852312397 0.01057 
  16455         0.962   1.057   1.057   8.525   8.525   8.625   10.300   10.300   10.310 1.497   1.572   1.577 1.502   1.577   1.582 0.6975 0.0154325783653 0.006978 
  16514         4.532   4.532   4.532   8.775   8.775   8.775   10.700   10.710   10.710 0.757   0.762   0.767 0.767   0.772   0.777 1.2025 0.0225690916964 0.003107 
  16697         1.682   1.682   1.682   8.275   8.275   8.275   9.667   9.697   9.697 1.172   1.202   1.202 1.177   1.207   1.207 1.0325 0.0219637627696 0.003289 
  17211         4.022   4.022   4.022   9.275   9.275   9.275   11.050   11.050   11.050 1.077   1.077   1.087 1.477   1.477   1.477 2.4025 0.0453545684028 0.001891 
  17245         2.407   2.722   3.857   8.975   9.075   9.225   10.340   10.460   10.560 0.827   0.967   1.142 0.842   0.972   1.142 2.235 0.0441564884813 0.00468 
  17265         1.452   2.057   3.237   8.275   8.325   8.475   9.747   9.777   9.812 1.112   1.277   1.287 1.122   1.287   1.297 0.845 0.0177223552329 0.003815 
  17376         1.197   1.267   1.267   8.625   8.625   8.775   10.080   10.090   10.160 1.177   1.252   1.257 1.187   1.267   1.272 0.58 0.0137830793004 0.006118 
  18132         2.737   2.737   2.737   8.525   8.525   8.525   10.110   10.130   10.130 1.387   1.402   1.402 1.397   1.412   1.412 1.3675 0.0288776107045 0.002784 
  18160         2.517   2.517   2.517   9.125   9.125   9.125   10.990   10.990   10.990 1.252   1.252   1.257 1.267   1.267   1.272 1.055 0.0227196451337 0.0009809 
  18326         1.062   1.247   3.372   8.775   9.075   9.175   10.430   10.490   10.540 1.187   1.232   1.272 1.197   1.232   1.287 0.765 0.0174317375783 0.009634 
  1848         2.322   2.457   3.407   8.825   8.925   8.925   10.590   10.620   10.650 1.437   1.462   1.487 1.442   1.467   1.497 1.3425 0.029349623507 0.01056 
  18821         2.697   2.897   4.122   8.725   8.875   8.875   10.750   10.790   10.820 1.692   1.712   1.797 1.702   1.717   1.807 1.895 0.040122044751 0.004089 
  1886         2.467   2.467   3.857   8.825   8.825   8.875   10.060   10.140   10.140 0.947   1.072   1.072 0.952   1.082   1.082 1.905 0.037270691904 0.004281 
  19136         0.797   0.797   2.392   8.775   8.925   8.925   9.852   9.892   9.912 0.807   0.822   0.832 0.812   0.827   0.837 0.3375 0.00893626739752 0.01239 
  1918         1.682   2.547   3.672   9.325   9.475   9.525   10.480   10.560   10.680 0.487   0.527   0.667 0.492   0.532   0.672 1.0825 0.0213868014205 0.04363 
  19422         1.572   1.792   2.532   9.025   9.175   9.225   10.380   10.400   10.470 0.852   0.897   1.087 0.862   0.917   1.107 1.2125 0.0260221343283 0.003909 
  19508         5.127   5.127   5.127   8.875   8.875   8.875   10.940   10.940   10.940 1.927   1.927   1.927 1.927   1.927   1.927 4.03 0.0783351573369 0.0 
  2013         1.562   2.142   3.097   8.625   8.875   9.075   9.742   9.897   9.922 0.617   0.782   0.932 0.622   0.787   0.937 0.535 0.0149563456432 0.01383 
  20168         2.452   2.452   2.452   8.375   8.375   8.375   9.867   9.882   9.897 1.332   1.347   1.357 1.342   1.357   1.367 0.615 0.0157380518172 0.001542 
  2046         0.767   2.107   3.637   8.525   8.775   8.975   9.882   9.937   9.977 0.652   0.907   1.207 0.667   0.912   1.212 0.695 0.016038181786 0.005391 
  20639         2.152   2.152   3.602   9.175   9.175   9.225   10.630   10.630   10.680 1.207   1.217   1.222 1.212   1.222   1.227 1.3325 0.0286674950946 0.001668 
  2096         1.722   2.287   3.777   8.825   8.925   9.075   9.452   9.477   9.537 0.232   0.332   0.457 0.237   0.337   0.462 1.26 0.0273655805712 0.01643 
  21038         1.682   2.087   4.492   8.825   8.925   9.025   10.330   10.380   10.440 1.062   1.137   1.262 1.062   1.147   1.267 1.1675 0.0241660112555 0.004725 
  21329         2.382   2.467   4.092   8.625   8.675   8.825   9.787   9.822   9.872 0.847   0.922   0.957 0.852   0.932   0.967 1.645 0.0348736616231 0.008028 
  21708         4.807   4.807   4.807   9.475   9.475   9.475   10.830   10.850   10.850 0.357   0.372   0.372 0.367   0.382   0.382 1.9675 0.036416124176 3.998e-05 
  22059         2.472   2.472   3.127   9.025   9.025   9.425   10.630   10.640   10.980 0.287   0.297   0.582 0.302   0.312   0.597 2.275 0.042267181122 0.0006263 
  22173         0.387   1.902   4.007   9.325   9.375   9.475   10.130   10.190   10.240 0.167   0.422   0.812 0.192   0.442   0.537 0.41 0.017216012895 0.2569 
  22371         2.422   2.437   2.602   8.875   9.025   9.025   10.890   10.990   10.990 1.722   1.832   1.857 1.832   1.832   1.892 1.5625 0.0331951050608 0.002444 
  22385         1.577   1.932   2.687   8.775   8.875   8.925   10.150   10.190   10.220 1.082   1.137   1.202 1.087   1.142   1.207 0.8725 0.0201903590855 0.00846 
  22834         3.347   3.347   3.347   8.925   8.925   8.925   10.610   10.610   10.620 0.862   0.867   0.877 0.867   0.872   0.882 1.4175 0.0269160193937 0.002371 
  22857         0.997   2.912   4.092   8.825   8.875   9.075   9.892   9.917   9.997 0.677   0.832   0.917 0.682   0.837   0.917 0.445 0.0130507624298 0.01404 
  23441         2.132   2.402   3.157   8.775   9.025   9.075   10.320   10.330   10.420 0.982   1.127   1.287 0.987   1.042   1.297 1.67 0.0341401728174 0.003464 
  23761         3.257   3.257   3.257   9.325   9.325   9.325   10.630   10.640   10.640 0.217   0.227   0.232 0.232   0.242   0.247 1.215 0.0232841276409 0.002429 
  23855         2.107   3.207   3.737   8.675   8.725   8.825   10.000   10.060   10.080 0.932   1.117   1.197 1.027   1.127   1.212 2.0475 0.0416452866481 0.006212 
  23927         1.522   3.467   3.782   9.075   9.175   9.225   10.290   10.320   10.380 0.642   0.787   0.932 0.657   0.792   0.937 1.18125 0.0243305959648 0.0021 
  24354         2.342   2.657   3.177   8.775   8.875   8.875   10.420   10.470   10.480 1.307   1.342   1.392 1.317   1.352   1.402 1.85 0.0372338189688 0.001216 
  24372         0.512   0.512   0.512   9.225   9.225   9.225   10.690   10.700   10.700 0.393   0.383   0.378 0.383   0.373   0.368 0.4875 0.00906397263897 0.0853 
  24497         1.727   1.727   1.727   8.575   8.575   8.575   10.940   10.940   10.950 2.127   2.132   2.142 2.142   2.147   2.157 0.895 0.0179287645977 0.1903 
  24779         2.027   2.027   2.027   9.175   9.275   9.275   11.050   11.060   11.070 1.227   1.242   1.257 1.232   1.247   1.262 1.2225 0.024725290696 0.000703 
  24786         2.472   2.472   2.472   8.225   8.225   8.225   9.137   9.137   9.147 0.677   0.682   0.692 0.692   0.697   0.707 0.72 0.0148346646406 0.1656 
  24943         2.057   2.207   3.692   8.725   8.875   8.975   10.230   10.270   10.310 1.147   1.172   1.357 1.152   1.177   1.362 1.35375 0.0276407308152 0.001042 
  25037         2.207   3.067   3.782   8.425   8.575   8.725   10.010   10.080   10.100 1.217   1.272   1.397 1.222   1.292   1.407 1.8825 0.0375675178845 0.00533 
  25137         1.402   1.402   1.402   8.525   8.525   8.525   9.772   9.777   9.787 1.072   1.077   1.102 1.077   1.082   1.107 1.0875 0.0215531778399 0.002266 
  25206         3.317   3.317   3.317   9.125   9.125   9.125   11.370   11.370   11.370 1.237   1.237   1.237 1.242   1.242   1.242 1.1375 0.0224741379145 0.001251 
  25295         2.622   2.622   2.622   9.125   9.125   9.125   10.980   10.980   10.980 1.512   1.512   1.512 1.522   1.522   1.522 1.7575 0.0348505649165 0.003059 
  25373         0.872   0.872   1.852   8.625   8.625   8.775   9.457   9.507   9.527 0.282   0.727   0.742 0.562   0.737   0.747 0.675 0.0141945412043 0.006793 
  25573         3.047   3.047   3.047   9.075   9.075   9.075   10.880   10.880   10.880 1.227   1.227   1.227 1.237   1.237   1.237 1.095 0.0230589998699 8.378e-05 
  2583         3.882   3.882   3.882   8.225   8.225   8.225   9.552   9.557   9.572 1.152   1.157   1.172 1.152   1.157   1.172 0.94 0.020023498071 0.002837 
  26092         1.052   1.052   1.087   8.875   8.875   8.925   10.390   10.400   10.410 1.227   1.282   1.297 1.232   1.292   1.307 0.6525 0.0141516173987 0.003548 
  26185         2.027   3.167   4.657   8.825   8.875   9.125   10.190   10.240   10.320 0.952   1.027   1.087 0.962   1.037   1.102 1.6975 0.0337717615028 0.007747 
  26255         0.477   0.477   1.867   8.475   8.625   8.625   9.757   9.787   9.812 0.957   0.972   1.132 0.967   0.982   1.137 0.1725 0.00536999767225 0.01855 
  26300         2.252   2.617   4.027   8.875   9.125   9.225   10.230   10.340   10.390 0.772   0.962   1.152 0.782   0.967   1.162 2.17 0.0427106380191 0.004097 
  26476         0.762   1.557   1.557   8.325   8.325   8.725   9.382   9.382   9.492 0.542   0.852   0.872 0.557   0.862   0.882 0.77 0.0169541816376 0.01762 
  267         2.452   2.452   2.452   8.925   8.925   8.925   10.390   10.390   10.400 1.097   1.097   1.112 1.097   1.097   1.112 2.49125 0.0463385703275 0.0004532 
  26755         1.932   2.347   4.797   9.025   9.275   9.425   11.020   11.090   11.300 1.017   1.147   1.307 1.032   1.152   1.317 1.395 0.0265094718921 0.008851 
  2697         0.782   1.337   4.502   8.775   8.925   8.975   9.977   10.000   10.070 0.862   0.887   1.027 0.867   0.892   1.027 0.6125 0.0155207691498 0.004223 
  2793         2.812   2.997   4.397   9.025   9.025   9.175   10.670   10.700   10.740 0.647   1.112   1.277 0.647   1.112   1.167 2.1525 0.0400009409264 0.009031 
  2903         0.972   1.392   3.352   8.825   8.925   9.225   9.582   9.632   9.662 0.753   0.332   0.587 0.177   0.347   0.592 0.4475 0.00857223862244 0.1266 
  2976         0.432   3.162   5.667   8.475   8.575   8.825   9.827   9.862   9.942 0.912   1.082   1.127 0.922   1.087   1.142 0.5125 0.0127304516809 0.04252 
  3404         0.937   2.992   4.397   8.675   8.775   8.875   10.050   10.070   10.100 0.917   1.012   1.182 0.932   1.022   1.187 0.3925 0.0108990183044 0.006913 
  3683         3.262   3.262   3.262   8.875   8.875   8.875   10.200   10.210   10.220 1.167   1.182   1.192 1.167   1.182   1.192 0.9575 0.0230127138773 0.01242 
  4171         2.252   4.277   4.277   9.075   9.075   9.075   10.680   10.690   10.720 1.382   1.402   1.417 1.387   1.407   1.422 1.2075 0.0267496406518 0.0108 
  4187         0.852   1.587   1.587   8.175   8.275   8.275   9.602   9.687   9.697 1.152   1.207   1.297 1.162   1.217   1.312 0.535 0.0132373184596 0.002489 
  4216         2.067   2.067   2.067   9.175   9.175   9.175   11.280   11.280   11.280 1.647   1.647   1.647 1.662   1.662   1.662 1.25625 0.0254259532761 0.0005746 
  4348         2.412   3.612   4.107   9.175   9.275   9.325   10.560   10.620   10.640 0.802   0.877   1.062 0.807   0.887   1.067 1.4225 0.0292369334062 0.0009032 
  4376         3.157   3.157   3.157   8.775   8.775   8.775   11.030   11.030   11.030 1.987   1.987   1.987 1.997   1.997   1.997 2.135 0.0423645653819 0.009258 
  4608         2.617   2.967   3.067   9.125   9.325   9.325   11.000   11.010   11.080 0.328   0.318   1.112 0.313   0.303   1.117 0.825 0.015343389456 0.01399 
  482         3.792   4.317   4.317   8.875   8.875   9.225   10.580   10.600   10.670 1.172   1.462   1.487 1.177   1.467   1.492 2.59875 0.0501170477482 0.00209 
  513         2.167   2.362   3.432   8.675   8.675   8.875   9.927   10.000   10.020 0.872   1.032   1.177 0.882   1.042   1.177 1.66 0.0336963588537 0.003319 
  528         3.967   3.967   3.967   9.025   9.025   9.025   11.200   11.200   11.200 1.482   1.482   1.482 1.492   1.492   1.492 1.385 0.0262497519036 0.0003983 
  6141         0.542   0.542   0.542   8.625   8.625   8.625   9.667   9.672   9.672 0.852   0.857   0.862 0.857   0.862   0.867 0.305 0.00744594520528 0.0 
  6159         0.962   1.167   2.252   8.075   8.325   8.525   9.412   9.487   9.502 0.732   0.942   1.132 0.742   0.952   1.137 0.82 0.0175153389919 0.00365 
  6221         1.717   1.717   1.717   9.425   9.425   9.425   11.240   11.240   11.240 1.632   1.632   1.632 1.637   1.637   1.637 1.5425 0.0295735840743 0.000672 
  7011         2.692   2.717   2.717   8.975   8.975   9.025   9.967   9.977   9.997 0.062   0.072   0.397 0.072   0.082   0.407 0.6175 0.0116637161745 0.01917 
  7183         1.947   1.947   1.947   8.875   8.875   8.875   11.040   11.040   11.050 1.877   1.877   1.882 1.887   1.887   1.892 1.6525 0.0328592741855 0.001553 
  7195         1.007   1.097   1.182   9.275   9.275   9.375   10.900   10.920   11.010 0.577   1.137   1.187 1.147   1.172   1.497 0.58 0.0127041440089 0.00608 
  7837         1.142   1.142   1.142   8.925   8.925   8.925   10.490   10.510   10.520 1.347   1.352   1.362 1.357   1.362   1.372 0.675 0.0148959189042 0.01574 
  7886         1.287   2.872   4.102   9.125   9.425   9.475   10.640   10.790   10.840 0.597   0.787   0.947 0.607   0.792   0.947 0.885 0.0204423188509 0.01069 
  79         2.617   2.617   2.617   9.225   9.225   9.225   11.010   11.020   11.030 1.507   1.522   1.532 1.512   1.527   1.537 1.185 0.0267024619651 0.004321 
  797         1.972   3.437   3.597   9.125   9.275   9.425   10.490   10.590   10.610 0.852   0.897   0.977 0.852   0.902   0.987 1.2575 0.0263894349125 0.002899 
  8154         2.687   4.252   4.472   9.025   9.025   9.175   10.530   10.560   10.590 1.267   1.297   1.382 1.267   1.302   1.382 2.11 0.0419314258641 0.0008005 
  8402         1.827   2.342   2.542   8.675   8.675   8.925   9.787   9.802   9.912 0.732   0.847   0.872 0.742   0.852   0.882 0.78 0.0182024854072 0.01143 
  9769         2.817   2.817   2.817   9.225   9.225   9.225   11.010   11.010   11.010 1.552   1.552   1.557 1.552   1.552   1.557 2.0175 0.0414919495204 0.001619 
  9871         1.392   3.372   3.857   8.275   8.575   8.775   9.387   9.432   9.527 0.587   0.817   0.902 0.597   0.817   0.917 0.455 0.0115133520314 0.0112 
  9884         2.847   2.847   2.847   7.825   7.825   7.825   9.312   9.322   9.337 1.297   1.307   1.322 1.297   1.307   1.322 0.535 0.0106426723618 0.004514 
  994         1.362   1.882   1.882   8.575   8.825   8.825   9.822   9.937   9.967 0.882   0.917   0.937 0.887   0.927   0.947 0.9 0.0196216716923 0.01992 
