# ID    tau_v16   tau_v50   tau_v84   age_mw16   age_mw50   age_mw84   Mstar16   Mstar50   Mstar84   SFR16_7   SFR50_7   SFR84_7   SFR16_8   SFR50_8   SFR84_8 Av Av_std AGNFRAC_8_1000 
  10099         0.937   2.527   4.552   8.925   9.025   9.025   9.847   9.887   9.932 0.567   0.607   0.802 0.587   0.617   0.817 0.305 0.00949017781709 0.02981 
  10413         1.412   1.702   3.757   9.075   9.175   9.325   11.220   11.240   11.340 1.752   1.772   1.882 1.762   1.787   1.912 1.0875 0.0234595055361 0.003975 
  10679         0.287   0.377   2.862   8.125   8.925   8.975   9.522   9.727   9.742 0.547   0.587   1.207 0.557   0.592   1.197 0.56 0.0110467766792 0.03845 
  11618         1.042   1.832   2.077   8.625   8.725   8.925   10.260   10.290   10.330 1.047   1.317   1.457 1.052   1.322   1.457 1.285 0.0254327564373 0.015 
  12216         0.817   0.887   2.517   8.725   9.075   9.175   9.512   9.637   9.667 0.227   0.322   0.452 0.237   0.327   0.482 0.48 0.0110547399336 0.03146 
  12304         0.337   0.337   0.457   8.675   8.725   8.725   9.507   9.527   9.557 0.542   0.557   0.637 0.557   0.572   0.647 0.1125 0.00401515566323 0.03731 
  1256         1.412   2.667   2.667   9.025   9.025   9.425   11.110   11.110   11.240 0.377   0.682   0.692 0.387   0.687   0.697 1.04 0.019656130723 0.003972 
  13097         1.532   1.732   2.687   8.825   8.825   8.875   10.330   10.350   10.400 1.242   1.277   1.427 1.262   1.287   1.427 1.1575 0.0247946460955 0.009003 
  13601         2.737   4.272   4.272   8.575   8.575   8.975   11.020   11.030   11.050 1.492   1.622   1.632 1.507   1.627   1.637 1.8575 0.0350467612626 0.002129 
  14246         3.597   3.597   3.597   8.725   8.725   8.725   10.440   10.450   10.460 1.552   1.567   1.572 1.557   1.572   1.577 2.81 0.0563471702927 0.0007439 
  14637         1.087   1.517   4.047   8.725   8.875   9.125   10.120   10.180   10.270 0.892   1.042   1.217 0.897   1.047   1.227 0.565 0.0141754109288 0.01893 
  14782         0.642   0.642   0.992   8.425   8.425   8.475   9.467   9.492   9.502 0.857   0.887   0.907 0.857   0.897   0.917 0.2825 0.00767753052745 0.005131 
  15122         0.882   1.857   4.167   8.875   8.975   9.225   10.060   10.080   10.220 0.702   0.857   0.982 0.707   0.872   0.987 0.625 0.0158773549434 0.006148 
  15336         2.767   2.767   2.767   9.175   9.175   9.175   10.790   10.800   10.810 0.063   0.053   0.048 0.043   0.033   0.028 1.7325 0.0322335613143 0.04235 
  15775         1.857   2.032   2.592   8.925   8.925   9.175   10.530   10.550   10.660 1.207   1.352   1.387 1.207   1.362   1.392 1.585 0.0324764237563 0.003242 
  15924         0.452   0.882   1.777   8.025   8.025   8.525   9.272   9.282   9.497 0.812   1.047   1.107 0.812   1.047   1.112 0.8575 0.0214488484539 0.00642 
  15967         2.342   2.922   4.727   8.675   8.975   9.325   10.240   10.320   10.540 0.422   0.582   0.997 0.577   0.992   1.712 2.2775 0.0421414460478 0.003358 
  16048         0.842   0.842   1.487   8.975   8.975   8.975   9.857   9.872   9.902 0.028   0.018   0.007 0.028   0.018   0.007 0.3775 0.00763921461932 0.04928 
  16049         1.677   2.542   2.702   8.525   8.725   8.825   10.180   10.250   10.300 1.167   1.277   1.477 1.182   1.297   1.487 1.2925 0.0287294600541 0.009535 
  16435         2.557   3.982   4.302   9.125   9.275   9.275   10.780   10.850   10.890 0.987   1.262   1.362 0.992   1.267   1.372 1.47 0.0309365524097 0.01084 
  16440         2.567   2.762   3.562   8.775   8.825   9.025   10.810   10.890   10.960 1.627   1.722   1.967 1.642   1.737   1.967 2.2075 0.0430047610736 0.0007675 
  16455         0.672   0.672   0.767   8.775   8.775   8.775   10.320   10.390   10.400 1.352   1.447   1.457 1.367   1.452   1.467 0.3375 0.00911382877829 0.02484 
  16514         3.622   4.477   4.477   8.825   9.425   9.425   10.600   10.830   10.840 0.033   0.023   0.127 0.023   0.013   0.137 0.875 0.0162778768579 0.0009617 
  16697         1.017   1.347   1.537   8.375   8.675   8.725   9.702   9.732   9.832 0.872   0.917   1.137 0.882   0.927   1.152 1.02 0.0217269394992 0.006812 
  17211         3.087   3.087   3.087   8.675   8.675   8.675   10.770   10.780   10.790 1.382   1.392   1.397 1.387   1.397   1.402 2.5325 0.0479874243943 0.001607 
  17245         2.372   2.372   3.252   9.075   9.125   9.125   10.390   10.400   10.440 0.437   0.447   0.892 0.442   0.452   0.892 1.705 0.0322976252997 0.0117 
  17265         0.482   1.102   4.432   8.375   8.675   9.075   9.787   9.827   9.862 0.107   0.917   1.242 0.957   0.982   1.247 0.8625 0.0161872758672 0.006331 
  17376         0.857   1.487   4.482   8.425   8.675   8.875   10.030   10.110   10.150 1.047   1.287   1.417 1.057   1.292   1.427 0.7575 0.0175540622079 0.009002 
  18132         0.902   1.922   3.907   8.575   8.825   9.075   10.070   10.210   10.300 0.327   0.822   1.387 0.332   0.842   1.427 1.4925 0.0281806227752 0.01831 
  18160         2.147   2.147   3.397   9.025   9.325   9.325   11.030   11.160   11.170 1.487   1.502   1.712 1.492   1.507   1.712 1.785 0.0363606143375 0.001465 
  18326         1.237   1.662   3.127   8.825   8.875   9.125   10.340   10.440   10.570 0.772   1.247   1.452 0.777   1.247   1.452 0.84 0.0165982860561 0.01361 
  1848         2.142   3.297   4.282   8.775   8.875   8.975   10.570   10.620   10.670 1.347   1.477   1.557 1.357   1.482   1.562 1.305 0.0288608190286 0.006137 
  18821         2.667   3.357   4.397   8.875   8.975   9.175   10.830   10.870   10.960 0.867   1.552   1.682 0.867   1.567   1.687 2.15 0.0400271092511 0.01102 
  1886         2.252   3.397   4.572   8.825   8.825   8.975   10.060   10.090   10.140 0.772   0.982   1.047 0.782   0.992   1.052 1.695 0.0339618904067 0.004533 
  19136         0.717   0.787   3.967   8.775   8.775   8.825   9.792   9.812   9.867 0.717   0.762   0.922 0.732   0.767   0.942 0.505 0.013821341288 0.01777 
  1918         0.657   1.047   2.532   9.475   9.525   9.525   10.480   10.540   10.570 0.017   0.292   0.377 0.027   0.307   0.387 0.645 0.0133369449275 0.07428 
  19422         1.647   2.327   2.997   8.925   8.975   9.225   10.330   10.410   10.470 1.002   1.122   1.182 1.012   1.132   1.197 1.215 0.0263139430721 0.003909 
  19508         4.342   4.342   4.342   8.725   8.725   8.725   10.800   10.810   10.810 1.897   1.912   1.912 1.902   1.917   1.917 3.9475 0.0761314021938 0.0001924 
  2013         1.492   1.577   2.257   9.025   9.025   9.075   9.842   9.872   9.927 0.547   0.647   0.717 0.552   0.647   0.717 0.4475 0.0134363313445 0.02168 
  20168         0.552   1.112   2.202   8.625   8.725   8.925   9.957   10.010   10.100 0.957   1.022   1.167 0.967   1.027   1.177 0.22 0.00856573843869 0.03648 
  2046         0.957   1.922   2.552   8.625   8.625   8.925   9.902   9.922   9.982 0.727   1.027   1.047 0.822   1.032   1.052 0.605 0.0143652358143 0.009132 
  20639         2.037   2.437   3.072   8.925   9.025   9.125   10.570   10.630   10.680 1.292   1.412   1.437 1.302   1.412   1.442 1.8425 0.0376065473023 0.002554 
  2096         1.882   3.602   4.087   8.725   8.775   8.975   9.417   9.432   9.492 0.342   0.402   0.447 0.347   0.407   0.457 1.1725 0.0259612302289 0.01383 
  21038         1.647   1.682   3.057   8.825   8.925   9.225   10.330   10.390   10.500 1.062   1.087   1.242 1.062   1.092   1.257 1.1675 0.0241660112555 0.004434 
  21329         3.237   3.237   4.487   8.675   8.875   9.025   9.887   9.922   9.962 0.157   0.382   0.417 0.167   0.817   1.037 1.935 0.0362185487699 0.01112 
  21708         4.507   4.507   4.507   9.075   9.075   9.075   10.680   10.680   10.680 0.432   0.432   0.432 1.902   1.902   1.902 2.485 0.0458210047358 0.0 
  22059         2.642   2.642   2.642   9.275   9.275   9.275   10.770   10.780   10.790 0.372   0.382   0.392 0.387   0.397   0.407 1.675 0.0315611691799 0.002818 
  22173         0.062   0.272   1.597   9.225   9.325   9.525   10.020   10.120   10.270 0.097   0.357   0.587 0.102   0.367   0.587 0.01 0.0012431713478 0.8024 
  22371         2.397   2.447   3.082   8.575   8.625   8.775   10.830   10.870   10.910 1.857   1.972   1.982 1.867   2.067   2.092 1.8675 0.0377539733008 0.002225 
  22385         1.372   2.367   3.172   8.575   8.825   9.275   10.110   10.160   10.280 0.442   1.047   1.332 0.802   1.062   1.342 1.19 0.0257545816312 0.002982 
  22834         1.637   1.637   1.637   8.775   8.775   8.775   10.530   10.530   10.540 0.942   0.947   0.952 0.942   0.947   0.952 1.1575 0.0226288637585 0.01878 
  22857         1.352   2.002   3.882   8.825   8.925   9.125   9.872   9.907   9.987 0.632   0.697   0.767 0.642   0.707   0.782 0.3725 0.0113251754953 0.02929 
  23441         2.167   2.842   4.142   9.075   9.225   9.325   10.320   10.380   10.440 0.448   0.842   1.122 0.433   0.847   1.127 1.695 0.0312544632813 0.009404 
  23761         3.257   3.257   3.257   9.325   9.325   9.325   10.630   10.640   10.640 0.222   0.227   0.232 0.237   0.242   0.247 1.215 0.0232829739295 0.001989 
  23855         2.397   2.477   3.287   8.825   8.875   8.975   10.010   10.030   10.070 0.707   0.792   1.007 0.712   0.802   1.017 1.8 0.0373847091068 0.007931 
  23927         0.777   1.177   2.137   9.025   9.175   9.275   10.120   10.270   10.370 0.068   0.247   0.377 0.058   0.257   0.382 0.99 0.0189792379984 0.02348 
  24354         1.992   1.992   2.792   8.875   9.025   9.025   10.420   10.510   10.520 1.247   1.257   1.382 1.252   1.262   1.382 1.6025 0.0324858626944 0.000811 
  24372         0.512   3.862   3.862   9.125   9.125   9.225   10.700   11.140   11.140 0.383   0.367   0.372 0.373   0.372   0.377 2.1275 0.0392621888717 0.0005218 
  24497         4.347   4.347   4.347   8.025   8.025   8.025   11.090   11.090   11.120 2.867   2.867   2.902 2.877   2.877   2.912 1.8825 0.0350897292666 0.06239 
  24779         2.622   3.347   4.447   8.875   9.075   9.125   11.010   11.080   11.090 1.622   1.727   1.892 1.632   1.737   1.902 1.8625 0.0374632232997 3.133e-05 
  24786         1.047   1.047   1.047   8.275   8.275   8.275   9.092   9.102   9.112 0.627   0.637   0.647 0.642   0.652   0.662 0.5975 0.0131988815814 0.1911 
  24943         2.032   2.632   2.937   8.775   8.925   8.925   10.240   10.280   10.310 0.622   1.112   1.307 0.627   1.122   1.317 1.16 0.0222712056252 0.009756 
  25037         2.657   3.527   3.687   8.525   8.675   8.725   10.050   10.110   10.150 0.497   1.167   1.202 1.022   1.197   1.812 2.31125 0.0428417608765 0.006796 
  25137         1.342   2.452   2.452   8.425   8.425   8.725   9.732   9.742   9.752 0.667   1.142   1.152 0.672   1.147   1.157 1.1475 0.0235507170804 0.0009242 
  25206         4.442   4.442   4.442   9.025   9.025   9.025   11.310   11.310   11.320 1.242   1.247   1.257 1.252   1.257   1.267 1.1325 0.0222743681167 0.004219 
  25295         2.452   2.567   2.782   8.825   8.825   8.925   10.930   10.950   11.030 1.737   1.842   1.857 1.737   1.857   1.867 2.4925 0.0463562067042 0.0005896 
  25373         0.842   1.257   2.552   8.425   8.625   8.825   9.457   9.472   9.572 0.587   0.672   0.832 0.587   0.672   0.847 0.8025 0.0177858616603 0.002915 
  25573         2.657   2.772   2.772   9.075   9.075   9.225   10.750   10.760   10.930 0.677   0.687   1.082 0.682   0.692   1.097 0.66 0.0134166640787 0.01026 
  2583         0.562   1.687   2.302   8.725   8.975   9.025   9.637   9.802   9.837 0.617   0.772   1.137 0.622   0.772   1.047 0.8725 0.0231245210761 0.005385 
  26092         0.817   1.202   3.277   8.425   8.725   9.525   10.290   10.330   10.550 0.473   1.452   1.717 0.463   1.457   1.722 1.1625 0.0246102397388 0.0001629 
  26185         2.792   3.392   3.507   8.875   9.075   9.075   10.210   10.250   10.290 0.078   0.887   1.207 0.992   1.207   1.227 1.86 0.0381002870724 0.00495 
  26255         0.747   0.747   1.372   8.575   8.575   8.625   9.752   9.767   9.802 1.002   1.017   1.027 1.007   1.022   1.032 0.195 0.00686153044153 0.01006 
  26300         2.337   3.687   4.442   8.875   9.075   9.175   10.280   10.350   10.400 0.452   0.737   1.242 0.457   0.742   1.252 1.9075 0.0357513898331 0.01079 
  26476         0.507   1.077   1.102   8.625   8.675   8.975   9.432   9.447   9.522 1.143   0.527   0.582 0.552   0.757   0.772 0.3575 0.00661214602077 0.1681 
  267         2.782   2.987   2.987   8.425   8.425   8.875   10.250   10.260   10.270 1.222   1.652   1.662 1.222   1.657   1.667 2.885 0.0553233666727 0.0002272 
  26755         1.982   2.422   3.227   9.075   9.075   9.275   11.120   11.150   11.200 1.612   1.647   1.742 1.617   1.662   1.752 1.23375 0.0253777638889 0.001664 
  2697         0.767   0.957   2.912   8.825   9.025   9.225   10.010   10.110   10.130 0.727   0.782   1.007 0.732   0.792   1.007 0.505 0.0109444906231 0.01177 
  2793         4.082   5.537   5.537   8.425   9.175   9.175   10.660   10.720   10.730 0.237   0.247   1.987 0.252   0.262   1.997 2.95875 0.0568850355981 0.001372 
  2903         1.972   3.482   3.482   8.825   9.375   9.375   9.582   9.742   9.757 0.248   0.238   0.482 0.243   0.233   0.492 0.495 0.00997354500667 0.04991 
  2976         0.572   0.592   1.352   8.525   8.775   8.775   9.802   9.842   9.852 0.912   0.927   0.997 0.912   0.927   1.007 0.155 0.00599728897086 0.04885 
  3404         1.112   1.247   1.332   8.775   8.875   9.025   10.040   10.060   10.150 0.777   0.942   1.017 0.787   0.942   1.032 0.4325 0.0114921832129 0.01283 
  3683         1.502   2.427   3.872   8.875   9.125   9.225   10.210   10.300   10.330 0.897   0.942   1.202 0.907   0.942   1.202 0.9925 0.023296791088 0.01042 
  4171         1.437   1.832   2.227   9.125   9.175   9.325   10.690   10.730   10.780 1.052   1.177   1.287 1.057   1.177   1.292 1.01 0.0230959325423 0.01397 
  4187         0.747   0.932   1.092   8.225   8.275   8.575   9.667   9.682   9.732 0.977   1.257   1.277 0.987   1.262   1.282 0.6125 0.0138032776905 0.001484 
  4216         2.712   2.712   3.597   9.025   9.175   9.175   11.220   11.290   11.300 1.387   1.407   2.047 1.402   1.422   2.047 1.715 0.0323156506201 0.003992 
  4348         2.617   2.817   2.847   8.775   8.825   9.175   10.510   10.520   10.670 0.977   1.122   1.177 0.982   1.132   1.187 2.03 0.0383692621117 0.002883 
  4376         1.917   2.577   4.042   8.975   9.025   9.375   10.990   11.110   11.130 0.617   1.392   1.807 0.632   1.392   1.817 1.5175 0.0281715264052 0.08209 
  4608         1.837   1.837   1.837   9.175   9.175   9.175   11.100   11.100   11.110 0.917   0.927   0.932 0.932   0.942   0.947 1.3875 0.0261273802743 0.003014 
  482         3.382   3.637   3.977   8.975   9.025   9.325   10.580   10.600   10.690 1.017   1.242   1.457 1.017   1.257   1.457 2.2925 0.0444937961968 0.0039 
  513         1.472   1.757   4.772   8.475   8.975   9.325   9.987   10.030   10.070 0.417   0.772   1.357 0.417   0.782   1.357 2.0225 0.0387459146234 0.002501 
  528         2.667   2.667   2.667   9.025   9.025   9.025   11.080   11.090   11.100 0.927   0.932   0.942 0.937   0.942   0.952 0.8675 0.0163932272601 0.044 
  6141         0.452   1.557   1.587   8.275   8.425   8.575   9.522   9.542   9.582 0.837   0.917   1.052 0.842   0.917   1.062 0.535 0.0132673461928 0.001734 
  6159         0.702   0.767   1.417   7.975   8.375   8.575   9.347   9.447   9.467 0.672   0.867   1.122 0.682   0.877   1.132 0.495 0.0115170352088 0.007405 
  6221         2.092   2.577   3.392   8.875   8.925   9.575   10.970   11.000   11.340 0.567   1.797   1.882 1.592   1.812   1.887 1.515 0.0317146886316 0.000173 
  7011         0.707   0.707   2.367   8.875   9.075   9.075   9.942   9.987   10.000 0.383   0.368   0.142 0.373   0.358   0.157 0.3975 0.00749888491711 0.07439 
  7183         2.012   3.277   4.262   8.875   8.875   8.975   10.970   11.010   11.070 1.762   1.887   1.987 1.772   1.892   1.992 1.52 0.0326908744912 0.0006985 
  7195         1.447   1.507   2.767   9.025   9.125   9.275   10.870   10.960   10.980 1.432   1.522   1.667 1.437   1.527   1.667 1.205 0.0255292239404 0.002316 
  7837         1.202   1.202   1.627   8.625   8.725   8.725   10.350   10.380   10.420 1.372   1.417   1.462 1.387   1.427   1.472 0.5725 0.0141934236532 0.008297 
  7886         1.937   3.297   3.297   9.325   9.425   9.425   10.750   10.780   10.800 0.357   0.452   0.992 0.367   0.467   0.997 0.575 0.0121819784928 0.03967 
  79         1.802   2.647   3.677   8.925   9.125   9.225   10.970   11.010   11.080 1.487   1.587   1.767 1.527   1.597   1.772 2.32 0.0461973189157 0.002816 
  797         2.402   3.042   3.727   8.975   9.075   9.175   10.480   10.570   10.620 1.072   1.192   1.372 1.082   1.202   1.382 2.055 0.041162019812 0.001551 
  8154         3.577   3.727   3.727   8.825   8.925   8.925   10.450   10.530   10.550 1.397   1.427   1.472 1.412   1.457   1.477 2.1825 0.0436115133881 0.0005373 
  8402         0.967   1.577   4.447   8.875   9.075   9.125   9.842   9.902   9.942 0.537   0.667   0.777 0.572   0.682   0.847 0.855 0.0200787474709 0.01473 
  9769         4.017   4.042   4.042   8.875   8.875   8.925   10.820   10.820   10.890 1.647   1.657   1.672 1.652   1.667   1.682 2.1 0.043492793656 0.0007 
  9871         0.532   0.787   3.852   8.375   8.775   8.875   9.407   9.492   9.517 0.402   0.482   0.802 0.417   0.497   0.822 0.7775 0.0176823209732 0.005412 
  9884         0.587   0.587   0.587   8.775   8.775   8.775   9.302   9.307   9.317 1.412   1.422   1.427 1.007   1.012   1.022 0.405 0.0115644660491 0.005221 
  994         1.717   1.822   3.092   8.475   8.525   8.625   9.817   9.872   9.892 1.047   1.192   1.222 1.077   1.197   1.227 1.215 0.0247398342759 0.008249 
