# ID      sSFR_mean    sSFR_median   sSFR_16  sSFR_84               sSFR_3   sSFR_97                SFR_10_mean    SFR_10_median   SFR_10_16   SFR_10_84                SFR_10_3   SFR_10_97                SFR_100_mean   SFR_100_median   SFR_100_16    SFR_100_84              SFR_100_3      SFR_100_97           max_stellar_age_mean   max_stellar_age_median   max_stellar_age_16  max_stellar_age_84        max_stellar_age_3  max_stellar_age_97       
  10578   -8.182239    -8.180269      -8.288244  -8.078317       -8.410152  -7.951386      887.0135       869.18274        733.5673  1041.4336          608.9768  1252.6249         116.73655      114.11145         94.965294  138.58891           80.70223  166.1709           3.40199328E8           3.40741504E8              2.82527136E8  3.95415808E8     2.21930064E8  4.60807328E8   
  15669   -7.132098    -7.1253295     -7.200085  -7.0601754      -7.2862115  -7.025958     802.46185      793.6734         703.7012  900.59125          631.9062  1016.08936        85.28563       84.36418          74.512825  96.19875            66.620285  108.12511         8.2875949E8            8.1425024E8               2.76658304E8  1.39771226E9     8.5075464E7  1.72473997E9    
  1842    -11.508161   -11.330776     -12.883046  -10.318389     -14.107612  -9.523837     2.7213547      0.3435337        0.009966874  3.476097        5.74965E-4  21.476736       5.1156235      0.4731922         0.02675868  3.634261           7.650337E-4  11.177825       6.2101331E8            6.2086701E8               4.74738944E8  7.7818138E8      3.56625152E8  8.7049984E8    
  18883   -11.136357   -10.992471     -12.691531  -9.667371      -14.034011  -8.8780985    19.744799      0.9400523        0.021369582  20.64558        8.553541E-4  169.05763      2.454          0.124130264       0.0028677217  2.672597         9.559319E-5  22.427553       1.64213235E9           1.74071872E9              1.50268493E9  1.78277619E9     8.8174656E8  1.79919475E9    
  19203   -9.294039    -9.298772      -9.401256  -9.190021       -9.525405  -9.043787      1.7372757      1.7352866        1.428527  2.0462592          1.0989848  2.3700454        0.1737293      0.17352867        0.14285271  0.20462592         0.109898485  0.23700455      5.3354358E9            5.4659082E9               4.13757261E9  6.3638349E9      3.07694746E9  7.2874209E9    
  2127    -10.209937   -10.120551     -11.597038  -8.829735      -13.009739  -8.093093     2.3427548      0.27008358       0.009332349  4.785611        4.166195E-4  15.441696      14.638881      13.354848         9.149595  20.064276            6.3328695  28.93018          4.56538656E8           3.86122368E8              1.81946672E8  7.6822323E8      7.0304896E7  1.13862566E9    
  21662   -8.73576     -8.690182      -9.056697  -8.411308       -9.42221  -8.207781       573.172        565.29224        253.87645  874.6437          118.529015  1123.4521       94.28286       95.84118          57.92522  129.67906            34.411865  156.7764          2.2951529E9            2.35531034E9              1.89243712E9  2.68378112E9     1.38878272E9  2.87914675E9   
  22707   -10.350265   -10.292933     -11.709604  -8.986325      -13.074335  -8.180526     2.04406        0.21781799       0.0075320364  3.531612       3.3455662E-4  16.403048     18.864948      18.346786         14.483087  23.595957           10.810876  29.695751         3.52765216E8           3.12534176E8              1.49602368E8  5.8195418E8      5.6779296E7  8.0736973E8     
  22959   -7.557841    -7.547087      -7.768779  -7.3339195      -7.99361  -7.1783743      236.03796      234.59595        202.04599  269.68295         171.22438  311.15714        31.618855      31.35394          26.856974  36.626854           22.384768  41.849125         1.25966093E9           1.11315533E9              5.5861011E8  2.0817897E9       2.51318624E8  2.79672934E9   
  23482   -10.784379   -10.69706      -12.085392  -9.530054      -13.264808  -8.781538     1.0930926      0.12042984       0.0050082696  1.768277       3.3547526E-4  9.2758255     34.11996       33.179718         29.046572  39.28353            25.306578  48.852036         2.93855488E8           2.9199664E8               2.12837328E8  3.69618112E8     1.4111528E8  4.6637536E8     
  23720   -10.38392    -10.224977     -11.553419  -9.29808       -12.702235  -8.803128     0.32541028     0.0849336        0.0039050381  0.69759446     2.8396887E-4  1.8519919     4.7306085      4.7340236         3.2705815  6.0940504           1.9184002  7.6892643         5.9464602E8            4.72762112E8              3.14152992E8  8.2571814E8      2.01005376E8  1.72731622E9   
  23751   -11.84044    -11.872904     -13.425472  -10.194298     -14.789283  -9.08017      29.966808      0.49669752       0.0138811935  23.55364       5.7880726E-4  263.693       33.746037      7.469977          0.04975422  82.6508            6.1655464E-4  175.55487      7.7771795E8            7.9274464E8               4.6058176E8  1.07426662E9      3.0757056E8  1.22211738E9    
  2428    -13.645827   -13.613829     -14.270843  -13.079704     -14.632208  -12.677977    0.0023519755   0.0012299671     2.719429E-4  0.004253564     1.1927098E-4  0.01070775    2.3519763E-4   1.2299672E-4      2.7194403E-5  4.2535638E-4     1.1927098E-5  0.001070775    8.0056883E9            8.041641E9                7.8911601E9  8.0998083E9       7.691607E9  8.1262382E9      
  24572   -9.487782    -9.501173      -11.013136  -7.7360044     -12.401349  -7.1545157    4.2328925      0.58158517       0.016480513  13.272367       8.3870353E-4  17.359219     15.070114      15.975377         3.8500226  22.80153            1.6447335  28.484459         1.50952976E8           7.3750304E7               3.1903922E7  2.1559928E8       1.6517052E7  9.0424794E8     
  25835   -10.163047   -10.208045     -10.45107  -9.842712       -10.650989  -9.493304     1.1397425      0.79641986       0.4493965  1.8289905         0.28410465  4.068788        2.7567332      2.7539327         1.9905268  3.4007566           1.6133469  4.2288218         6.4720338E9            6.6522834E9               5.394366E9  7.5054577E9        4.19147366E9  7.9550669E9    
  26600   -10.747775   -10.594227     -11.943514  -9.641954      -13.124153  -9.012219     0.38928348     0.08474565       0.003936796  0.73589766      2.5632582E-4  2.5456567     10.33735       9.857256          5.821258  15.033639            3.0599608  20.718561         6.4482067E8            5.5359085E8               3.301176E8  9.720857E8         1.77624384E8  1.57674202E9   
  3019    -11.663368   -11.468905     -12.929179  -10.546869     -14.249511  -9.759038     1.4592494      0.22418164       0.008068362  1.9767854       4.0024146E-4  11.272189     0.7953874      0.68334925        0.27783075  1.2612026          0.0129186595  2.2858145      2.1407872E9            2.1404393E9               1.81866675E9  2.56570957E9     1.0644192E9  2.86509466E9    
  449     -9.09907     -8.64723       -10.671648  -7.7432985     -12.535309  -7.384455     14.981369      8.966091         0.113651  32.13142           0.001461755  57.23598       18.30647       17.212452         9.977286  26.890575            5.3518014  37.762928         3.66302208E8           2.64573392E8              8.0820624E7  7.2588947E8       3.1048558E7  1.09794624E9    
  5012    -8.128379    -8.136325      -8.342073  -7.898776       -8.523267  -7.7515364     22.125435      20.946537        14.94622  30.432144          10.927467  36.424286        26.899786      27.052116         22.811697  30.74776            19.407774  33.651016         1.2012988E8            1.13424776E8              8.1037096E7  1.58599328E8      6.1042412E7  2.17989328E8    
  5088    -7.1316195   -7.1319056     -7.14066  -7.1223474       -7.150274  -7.113234      127.37407      127.59039        120.517204  134.516          111.98033  141.32785        17.25376       17.281296         16.16851  18.34521             14.995897  19.430841         1.1593832E7            1.1244336E7               1.0741179E7  1.2446693E7       1.0547389E7  1.4629169E7     
  6131    -8.533909    -8.340932      -8.622376  -8.172204       -11.695741  -8.023062     3750.6177      3916.097         2193.5703  5284.3853         1.9413489  6444.858         375.90115      392.4763          219.8521  529.70715            0.3479618  644.6242          7.6214189E8            7.626464E8                7.0531027E8  8.2979398E8       6.318807E8  8.7459354E8      
  6401    -11.447604   -11.292947     -12.899333  -9.993558      -14.261289  -9.475521     3.575049       0.4198566        0.010220364  8.036515        4.4352136E-4  23.833796     2.4309664      2.266588          1.5767187  3.2843454           1.022202  4.617238           2.63808717E9           2.58299034E9              2.26403763E9  3.02693325E9     2.01750029E9  3.53505229E9   
  7885    -10.589757   -10.419136     -11.426209  -9.673576      -13.095491  -9.434638     1.500747       0.67873865       0.060184482  3.4634404       0.0013291498  5.4872355     0.28183147     0.27089107        0.15649657  0.40279424         0.03919568  0.61689544       2.4859776E9            2.34055757E9              2.04657037E9  2.8950249E9      1.81203507E9  4.07453619E9   
