#	ID	BPASS_log10M*_16	BPASS_log10M*_50	BPASS_log10M*_84	BPASS_SFR10_16	BPASS_SFR10_50	BPASS_SFR10_84	BPASS_SFR100_16	BPASS_SFR100_50	BPASS_SFR100_84	BPASS_A_V_16	BPASS_A_V_50	BPASS_A_V_84	PEGASE_log10M*_16	PEGASE_log10M*_50	PEGASE_log10M*_84	PEGASE_SFR10_16	PEGASE_SFR10_50	PEGASE_SFR10_84	PEGASE_SFR100_16	PEGASE_SFR100_50	PEGASE_SFR100_84	PEGASE_A_V_16	PEGASE_A_V_50	PEGASE_A_V_84
5966	9.87738	9.97121	10.08479	-1.06614	0.95639	1.11214	-0.98198	0.9711	1.10601	-0.91933	0.0734	0.18481	9.52127	9.57596	9.62112	0.95983	1.21762	1.44772	0.9612	1.16562	1.3602	0.10403	0.3169	0.59346
7100	9.72808	9.90097	10.10413	0.47704	0.73012	0.97463	0.51392	0.75016	0.97071	-0.0946	0.07859	0.27437	9.48378	9.55869	9.61306	0.49471	0.71684	0.97414	0.57136	0.73436	0.9568	0.01691	0.11273	0.33194
8231	10.25372	10.33185	10.48963	-2.88815	0.44737	1.33248	-2.71205	0.6368	1.35206	-0.85658	0.03004	0.31552	9.54789	9.82423	9.94828	-2.41624	1.57144	1.86338	-2.23435	1.50984	1.75055	-1.77973	0.54349	0.88042
27771	9.485	9.69151	9.86201	-0.00461	1.00629	1.49204	0.18047	1.03616	1.40684	-0.03992	0.20719	0.7471	8.99021	9.14813	9.28408	-1.96231	1.04478	1.25259	-1.7888	0.94496	1.13091	-1.59066	0.19603	0.43841
4386	9.57192	9.69502	9.89088	-0.48904	0.12623	0.78411	-0.33319	0.22228	0.80745	0.01459	0.21162	0.66269	9.20619	9.31015	9.39853	0.06924	0.77417	1.2012	0.17003	0.76238	1.1161	0.11238	0.57173	1.0834
20710	10.18611	10.37648	10.60242	-3.86679	-2.13151	-0.86295	-3.69662	-1.98013	-0.7511	0.03797	0.22389	0.56254	9.75433	9.8115	9.86607	-2.55819	-1.47806	-0.7017	-2.37683	-1.32823	-0.59301	-0.25799	0.04238	0.1776
16529	9.35284	9.43536	9.53932	0.22696	0.50705	0.72479	0.33386	0.52953	0.71414	0.036	0.11845	0.29804	9.01893	9.08821	9.15534	0.58686	0.77489	0.95338	0.57627	0.72536	0.85157	0.20725	0.38135	0.55477
11439	9.43843	9.57109	9.6853	0.97368	1.19328	1.34232	0.96135	1.1458	1.25424	0.34385	0.63779	0.79641	9.40891	9.47638	9.54771	0.62875	0.78603	1.05284	0.62986	0.76681	1.00757	0.081	0.20468	0.51953
16350	9.10985	9.29034	9.40715	0.90251	1.13546	1.33876	0.82086	1.02325	1.18898	0.22524	0.55442	0.95933	8.74852	8.84653	8.95536	0.71522	0.82097	0.9613	0.60677	0.68754	0.80423	0.13382	0.22884	0.41667
25772	9.95416	10.03031	10.10043	0.35516	0.71419	1.30612	0.55338	0.88511	1.29831	-0.06866	0.07712	0.31592	9.45979	9.58423	9.65437	-1.85635	1.48374	1.67197	-1.6797	1.37881	1.52227	-1.40618	0.48313	0.74598
11375	9.40729	9.53947	9.6829	-0.32173	0.14109	0.56332	-0.17387	0.21981	0.58259	-0.07161	0.08471	0.32858	9.03995	9.16482	9.25229	-1.06177	0.33837	0.74201	-0.89454	0.37693	0.72701	-0.70999	0.15746	0.51675
4654	10.06912	10.14572	10.28708	-2.49664	0.00273	1.32562	-2.3589	0.18992	1.32274	-0.77982	0.04066	0.5604	9.42651	9.49804	9.73134	1.22157	1.48089	1.71739	1.284	1.35003	1.57173	0.47305	0.61398	0.94453
1558	10.30881	10.51005	10.62062	-2.59142	-1.56457	0.2509	-2.41302	-1.39959	0.40451	-0.42261	-0.1016	0.30433	9.77698	9.9155	9.97723	-1.96208	1.6656	1.93579	-1.77835	1.57508	1.80505	-0.77459	1.10746	1.39153
12688	9.03584	9.23518	9.40037	0.47664	0.7908	1.04611	0.49414	0.72633	0.93511	0.12391	0.39146	0.74842	8.75237	8.90346	9.0067	0.39248	0.60383	0.87247	0.39414	0.5362	0.76055	0.09789	0.23007	0.56841
12924	10.25023	10.34641	10.52931	-2.4334	-0.19346	1.42797	-2.26299	-0.04203	1.43348	-0.21835	0.0903	0.90596	9.78775	9.88605	9.96577	0.64575	1.75202	1.86907	0.69764	1.66261	1.75288	0.23224	1.18659	1.37051
18885	9.43176	9.54987	9.68046	-2.04898	0.18229	1.12789	-1.91536	0.31954	1.08423	-0.67038	0.13834	0.84538	8.97099	9.09147	9.19685	0.642	0.98304	1.19565	0.62396	0.88082	1.06875	0.26869	0.62707	0.9321
1747	9.59504	9.76226	9.95865	-0.70957	1.12409	1.52356	-0.59601	1.10668	1.42005	-0.62747	0.34288	0.81697	9.11406	9.27084	9.38847	0.97301	1.14617	1.36254	0.91158	1.03854	1.2381	0.19304	0.35901	0.65701
22759	9.60557	9.70844	9.86612	-0.14116	1.03189	1.61217	0.02364	1.05121	1.48043	0.02161	0.62663	1.3732	9.03345	9.20557	9.36713	0.97479	1.16465	1.3458	0.86588	1.03658	1.20564	0.41324	0.67473	0.92254
1280	9.75293	9.88032	9.97595	0.86786	1.36984	1.59701	0.97775	1.34507	1.51113	0.32877	0.68999	0.95551	9.27858	9.39474	9.52628	0.96046	1.21573	1.49098	0.92087	1.1072	1.36365	0.18211	0.43102	0.90111
5013	9.23307	9.50219	9.69501	0.7059	0.928	1.13353	0.72627	0.88983	1.06197	0.03296	0.12391	0.38324	9.12034	9.21326	9.29452	0.69063	0.95238	1.16136	0.67529	0.89064	1.03399	0.04869	0.24829	0.47817
3789	9.77469	9.86317	10.10677	-1.49515	1.37102	1.68386	-1.37982	1.35867	1.59241	-0.77044	0.57011	1.0398	9.33757	9.43132	9.58617	1.25101	1.42912	1.58947	1.11889	1.29477	1.45052	0.35527	0.58708	0.89698
23403	9.68084	9.84587	9.97043	0.73299	1.23018	1.53382	0.81244	1.22267	1.45066	0.25788	0.63906	0.99206	9.26507	9.41343	9.52505	0.88198	1.13414	1.43118	0.87868	1.05632	1.30991	0.24161	0.46799	0.87735
24222	9.95264	10.06097	10.18689	-1.34039	0.71498	1.68876	-1.19261	0.85439	1.61656	-0.58936	0.17281	0.94492	9.28587	9.50339	9.64244	1.25587	1.47499	1.67815	1.13689	1.35224	1.52596	0.32615	0.61998	0.93726
20304	9.16959	9.37318	9.4837	0.91156	1.23982	1.45411	0.85509	1.12167	1.29914	0.1668	0.59639	1.04733	8.8164	8.91899	9.02472	0.83966	0.95392	1.08041	0.70899	0.81251	0.94213	0.15037	0.26506	0.53431
3374	9.53792	9.70361	9.86867	-0.44437	0.53306	0.86019	-0.3481	0.60479	0.87455	-0.78481	0.00048	0.10227	9.19866	9.29779	9.38323	-0.189	0.78007	1.06737	-0.06783	0.76066	0.98601	-0.65487	0.07979	0.32083
26480	10.17754	10.24956	10.3369	1.98101	2.16071	2.25945	1.91457	2.03157	2.10758	1.482	1.7351	1.90288	10.18313	10.30406	10.44137	1.53607	2.11802	2.29082	1.53607	2.02131	2.14615	1.1799	2.07299	2.36774
23526	9.55958	9.67416	9.83723	-1.34739	-0.17605	0.68819	-1.22091	-0.03818	0.75114	-0.32471	0.13978	0.63505	9.02892	9.1771	9.28764	-0.07258	0.95204	1.25184	0.06724	0.86711	1.1206	0.06701	0.73156	1.14408
404	9.52326	9.72423	9.93646	-1.16765	-0.1507	0.72136	-1.01033	-0.02822	0.73027	-0.10947	0.10787	0.51584	8.95717	9.14207	9.27599	-0.67272	0.57604	1.04851	-0.53903	0.5789	0.95453	-0.42819	0.29453	0.81396
4219	10.56325	10.62141	10.80605	-2.43119	1.48582	2.08362	-2.25705	1.62646	2.07131	-0.35524	0.7985	1.2504	10.14984	10.19251	10.22601	1.45695	2.24042	2.31405	1.49091	2.0976	2.16554	0.42009	1.31169	1.43646
23249	10.61619	10.73582	10.96369	-2.57115	1.49865	2.61646	-2.4025	1.70047	2.46497	-0.88244	0.71243	1.4515	10.09036	10.2112	10.40097	-2.19542	2.0593	2.47515	-2.0249	1.96242	2.30553	-1.3324	0.8114	1.33226
3032	10.37978	10.41617	10.72552	-1.93413	2.23338	2.3931	-1.7798	2.1354	2.24536	-0.5675	1.27049	1.51492	9.68961	9.90649	10.05748	1.78087	1.85652	2.10084	1.61699	1.70684	1.93986	0.50525	0.59599	0.96831
2501	9.87574	9.98994	10.14326	-0.98572	0.55656	1.33635	-0.87979	0.66648	1.31633	-0.46286	0.23555	0.76853	9.36953	9.52126	9.59349	0.72963	1.32111	1.56171	0.78084	1.25033	1.44619	0.19334	0.72732	1.02386
5087	9.93208	9.99355	10.0785	0.22764	0.6488	1.03568	0.42049	0.80877	1.07448	-0.02216	0.07631	0.20465	9.45888	9.59561	9.7025	0.99385	1.30054	1.63256	1.00751	1.23736	1.51123	0.09433	0.38194	0.83281
2669	9.75312	9.87934	10.08576	-2.02856	0.35357	1.08707	-1.88318	0.50743	1.09599	-0.69497	0.08864	0.41619	9.18019	9.34262	9.46297	1.04451	1.26851	1.48882	0.95092	1.15083	1.33818	0.31168	0.60218	0.94759
21896	9.62358	9.73947	9.83474	-0.07515	0.50047	1.18311	0.10464	0.61672	1.16375	0.03052	0.19006	0.70631	9.14543	9.26919	9.36083	0.25964	0.98524	1.2536	0.41869	0.93841	1.16275	0.02642	0.44087	0.78723
9551	9.22576	9.436	9.6752	0.49157	0.70815	0.901	0.52599	0.69427	0.84361	0.05109	0.11686	0.31883	9.16153	9.25058	9.31884	0.47833	0.68287	0.9164	0.48118	0.66245	0.85446	0.05793	0.18445	0.45834
15669	11.03234	11.0668	11.11084	3.03012	3.08138	3.13128	2.8816	2.92111	2.96635	3.36581	3.44925	3.53781	11.01286	11.03868	11.06629	3.10354	3.13672	3.16817	2.93598	2.96584	2.99506	3.93743	4.00996	4.07535
6178	9.84074	9.90987	10.00453	0.81094	0.99093	1.12735	0.8954	1.01184	1.12611	0.03285	0.0879	0.18112	9.49642	9.55175	9.60853	1.09514	1.34169	1.54384	1.07139	1.26027	1.4171	0.18188	0.41328	0.68675
5113	9.60372	9.69733	9.8052	-0.24889	0.22132	0.68539	-0.07695	0.3365	0.71377	0.00118	0.0705	0.2803	9.17724	9.27505	9.34712	-0.23063	0.88732	1.25017	-0.20873	0.85479	1.12088	-0.46121	0.44115	0.82293
1853	9.62022	9.72281	9.8403	1.36267	1.60016	1.75136	1.32748	1.48216	1.5949	1.06777	1.36246	1.59934	9.57602	9.73185	9.88373	0.95498	1.46461	1.72524	0.96558	1.38041	1.56407	0.84329	1.49467	1.9015
1526	9.76263	9.88859	9.99614	0.08236	0.68304	1.29231	0.25821	0.76318	1.25291	0.00797	0.15759	0.59335	9.26956	9.40717	9.51185	0.93231	1.21574	1.45868	0.9039	1.12377	1.32977	0.22043	0.50033	0.85722
5107	9.51819	9.68071	9.85747	0.12263	0.53018	0.86452	0.2413	0.58659	0.86142	0.01489	0.12957	0.38193	9.29063	9.36828	9.43752	0.4322	0.6937	1.01343	0.46613	0.68632	0.95726	0.07322	0.23993	0.56979
7480	9.36798	9.50994	9.62467	0.51528	1.0291	1.35388	0.59246	0.98114	1.24797	0.14661	0.49616	0.9731	8.98877	9.17252	9.25963	0.74881	1.05717	1.29463	0.70923	0.95091	1.15342	0.23102	0.58299	0.96467
600	9.22805	9.45191	9.69157	0.76909	1.05644	1.28994	0.74544	0.96731	1.19342	0.12967	0.35156	0.74379	9.15575	9.28313	9.38689	0.46195	0.89793	1.19677	0.55304	0.85631	1.07424	0.07321	0.34428	0.6954
22563	9.14715	9.31701	9.43498	0.92979	1.0929	1.357	0.86873	0.97868	1.2136	0.0956	0.19792	0.69827	8.90531	8.98956	9.05443	0.82617	0.98165	1.09225	0.72474	0.85496	0.93415	0.08615	0.29799	0.45619
4277	8.87177	9.14097	9.36031	-0.21318	0.45802	0.79271	-0.09867	0.44775	0.69493	-0.2724	0.11413	0.43193	8.60721	8.7797	8.9264	0.19732	0.48894	0.75181	0.22501	0.43496	0.63328	0.03482	0.1792	0.46458
6954	10.38236	10.46518	10.66705	-2.88699	1.17205	1.64536	-2.69193	1.22283	1.64412	-0.50965	0.30306	0.68774	9.96909	10.04745	10.09435	1.58042	2.06843	2.1472	1.52798	1.93741	1.99389	0.52804	1.1466	1.24919
2169	9.70759	9.84355	10.06831	-1.23276	-0.3342	0.76001	-1.08187	-0.19589	0.82965	-0.1134	0.10605	0.67346	9.05865	9.27019	9.42457	0.03036	0.88336	1.29687	0.16721	0.8292	1.18742	0.0992	0.58785	1.13766
19527	9.27745	9.4367	9.55146	0.76933	1.00312	1.23614	0.78546	0.94582	1.13337	0.08504	0.23365	0.58925	8.95502	9.05085	9.15326	0.87474	1.02383	1.15105	0.79288	0.89291	1.01576	0.17509	0.30507	0.53573
15639	10.98443	11.01554	11.11862	2.74763	3.04832	3.10174	2.70675	2.87543	2.92946	3.05739	3.32816	3.46263	11.25263	11.29679	11.33369	2.26403	3.24203	3.37697	2.26401	3.12467	3.20866	2.55776	4.24237	4.4108
26311	9.03916	9.27448	9.44289	0.62814	0.8849	1.12788	0.63062	0.82545	1.01588	0.03541	0.24297	0.54343	8.84955	8.95917	9.0564	0.52761	0.76515	0.96204	0.50698	0.67788	0.81886	0.03447	0.18684	0.42842
3759	8.96146	9.27068	9.48235	0.10557	0.56691	0.90113	0.18381	0.54142	0.81299	0.03595	0.22886	0.61801	8.75594	8.9429	9.08983	0.15245	0.54661	0.81066	0.18989	0.48771	0.71202	0.05176	0.26332	0.58342
24133	10.38137	10.50319	10.85049	-2.7838	-1.22516	0.543	-2.59119	-1.07745	0.67229	-0.8124	-0.18351	0.10313	9.98485	10.03668	10.14155	-2.12721	-1.41972	0.48554	-1.95022	-1.25173	0.60865	-1.01156	-0.71778	0.06258
18533	9.76715	10.22107	10.39101	1.2866	1.89751	2.27496	1.27582	1.80815	2.12867	1.06381	2.15405	2.76878	9.62492	9.76986	9.91019	0.90124	1.52881	1.87183	0.99139	1.45458	1.73918	0.93581	1.65859	2.1681
444	8.96265	9.25884	9.50942	0.68741	0.92789	1.20565	0.6893	0.8218	1.11726	0.05524	0.1775	0.69503	8.84708	9.00835	9.12832	0.53968	0.73075	0.99365	0.53169	0.65709	0.87204	0.04566	0.15519	0.47166
18660	10.04855	10.36615	10.60232	-2.8525	1.18478	2.36028	-2.64943	1.39367	2.21207	-2.34415	0.02007	0.68308	9.78454	10.01594	10.18386	1.9559	2.25527	2.68521	1.71882	1.94453	2.17163	0.29104	0.66366	0.91219
22569	9.52511	9.6832	10.00996	-1.4201	1.1404	1.47191	-1.29744	1.15835	1.35017	-0.90563	0.22461	0.46377	9.20712	9.26946	9.43375	1.22115	1.31373	1.47058	1.09585	1.15936	1.32791	0.29363	0.3828	0.69647
1340	9.12412	9.32728	9.48825	0.66132	0.93883	1.19006	0.67253	0.86976	1.0786	0.07847	0.31428	0.7273	8.82874	8.99365	9.10966	0.62511	0.82958	1.05598	0.56621	0.72066	0.91655	0.08297	0.23271	0.57252
322	9.54658	9.68735	9.80232	0.53773	1.18698	1.54273	0.63812	1.13738	1.43358	0.09834	0.52228	1.04827	9.07878	9.23585	9.35584	0.91327	1.12156	1.33312	0.859	1.01446	1.19295	0.2416	0.44466	0.73781
13423	9.27839	9.45517	9.69796	0.86924	1.02044	1.19194	0.85787	0.95933	1.11483	0.03731	0.09845	0.36191	9.32589	9.42562	9.50453	0.62918	0.71718	0.902	0.64103	0.70847	0.87705	-0.11251	0.0398	0.14701
22940	8.99099	9.21736	9.51181	0.67473	0.90053	1.11059	0.67864	0.79831	0.99862	0.04812	0.13372	0.48067	8.98066	9.08841	9.18822	0.57444	0.81399	1.04379	0.55848	0.74796	0.90996	0.05692	0.21564	0.49388
2507	9.26108	9.42915	9.62017	-0.67473	-0.06951	0.63135	-0.51498	0.03324	0.64027	0.004	0.15685	0.62138	8.83994	9.01161	9.13438	-0.30442	0.35705	0.78641	-0.15889	0.36945	0.71898	0.0312	0.30737	0.78072
26730	8.95006	9.21798	9.40964	0.20665	0.61827	0.95742	0.28863	0.57709	0.86204	0.05935	0.24252	0.6782	8.68481	8.84109	8.97701	0.37251	0.61557	0.84447	0.36098	0.53226	0.71854	0.11161	0.29115	0.59072
6433	10.02798	10.11809	10.32222	-0.32783	0.20116	0.72979	-0.15759	0.32181	0.81561	0.01346	0.15242	0.44292	9.38454	9.59871	9.69698	-3.16102	-0.00697	1.3472	-2.97527	0.17252	1.29706	-1.49415	-0.0426	0.77863
1859	9.51545	9.65477	9.80694	-1.41461	0.06013	0.8331	-1.26492	0.1693	0.82174	-0.53182	0.05516	0.50393	9.04183	9.17659	9.27755	0.48691	0.89712	1.17805	0.53242	0.81903	1.06737	0.20566	0.52767	0.90423
2138	10.04645	10.13474	10.26222	0.15893	0.94433	1.55003	0.30852	1.01185	1.52095	0.05314	0.40092	0.92625	9.41953	9.61517	9.706	0.33557	1.51441	1.71265	0.46202	1.41204	1.56684	0.03946	0.80176	1.07075
754	9.01586	9.17859	9.3121	0.75634	0.93472	1.15241	0.70981	0.85093	1.01255	0.04578	0.21633	0.57417	8.81377	8.92242	9.00351	0.60704	0.84752	0.98983	0.53443	0.736	0.83822	0.03546	0.24037	0.43653
19540	9.41288	9.54493	9.65171	1.06443	1.36444	1.55977	1.03614	1.25859	1.42512	0.18498	0.4885	0.8436	9.06824	9.15911	9.25392	0.99567	1.13113	1.25965	0.89848	0.99542	1.10928	0.15511	0.26257	0.43137
13137	10.02809	10.10471	10.25149	0.28203	0.72669	1.11241	0.40496	0.80299	1.12437	0.1886	0.44886	0.85898	9.81959	9.85756	9.91947	-0.33897	-0.00603	0.38984	-0.1617	0.14168	0.49503	0.05575	0.19167	0.45484
15476	9.11362	9.29493	9.41428	0.73572	0.97462	1.24929	0.73228	0.88907	1.1242	0.10642	0.27412	0.7367	8.8029	8.89832	9.00321	0.67666	0.81823	1.00307	0.61179	0.70536	0.87369	0.09916	0.20058	0.50864
21443	9.07811	9.3579	9.54729	0.68754	0.91695	1.16962	0.68597	0.82588	1.06443	0.07485	0.19025	0.61073	8.94341	9.07801	9.17441	0.58688	0.75222	1.04081	0.57167	0.68045	0.91801	0.05912	0.14842	0.49912
3496	9.58336	9.85331	9.95851	1.01307	1.35306	1.57701	1.03993	1.2785	1.47967	0.16392	0.39284	0.70886	9.31367	9.42941	9.52463	1.08964	1.29397	1.4712	1.04051	1.18012	1.34031	0.2015	0.38711	0.68749
7545	10.026	10.10676	10.15793	0.69398	1.39973	1.75966	0.86563	1.41362	1.69108	0.24887	0.59469	0.97882	9.64193	9.72843	9.76981	1.41489	1.68913	1.83411	1.34057	1.56834	1.67788	0.53832	0.89496	1.1055
13584	9.63368	9.76475	9.89959	1.41131	1.57748	1.69798	1.33856	1.47838	1.56966	0.30267	0.51432	0.74928	9.34919	9.48718	9.56269	1.32699	1.48091	1.63252	1.20146	1.3173	1.46509	0.26101	0.47289	0.77391
1904	9.83757	10.01501	10.20931	0.99364	1.34088	1.65025	1.07365	1.31969	1.57634	0.08357	0.21278	0.58146	9.6236	9.70992	9.76053	1.21627	1.5542	1.68187	1.18311	1.45972	1.54924	0.16826	0.56178	0.70451
8971	9.59786	9.70136	9.83077	-0.24993	0.49917	1.14764	-0.08856	0.53791	1.11448	0.04155	0.29557	0.89657	9.16991	9.27479	9.35321	0.63339	1.08169	1.33308	0.65339	1.00189	1.20978	0.29961	0.77377	1.12683
13236	9.63398	9.72295	9.84991	0.02594	0.64879	0.97142	0.19085	0.68437	0.96626	0.0087	0.17106	0.45592	9.25845	9.32885	9.39747	0.6814	1.02601	1.24929	0.6896	0.95773	1.13323	0.19627	0.47726	0.77138
4773	10.3081	10.37119	10.42557	2.3311	2.41546	2.46774	2.2046	2.25583	2.29996	0.93097	1.05476	1.33499	9.77831	9.84748	10.03526	1.87619	2.02687	2.26151	1.70135	1.82356	1.94242	0.4	0.63261	1.00895
22426	9.97971	10.07315	10.13602	0.82328	2.05421	2.14461	0.78656	1.90647	1.98031	0.00331	1.18343	1.32351	9.37974	9.58183	9.74304	1.41657	1.6658	1.81508	1.26811	1.50135	1.64964	0.32478	0.82153	0.99003
18883	10.80656	10.82958	10.85926	-5.75922	-5.14592	-3.46023	-5.55145	-4.95386	-3.31402	0.26194	0.34026	0.43098	10.19964	10.21939	10.54001	-6.17116	-5.59375	-4.5296	-5.96382	-5.39768	-4.36254	-1.62475	-1.55696	0.00491
30371	8.71898	8.99074	9.18908	0.47152	0.7842	1.03413	0.44699	0.69097	0.91998	-0.30275	0.102	0.47484	8.47105	8.59113	8.72287	0.33154	0.55829	0.7114	0.26873	0.43936	0.56995	-0.25065	0.02939	0.19273
1224	9.14187	9.3605	9.52116	0.65405	0.91056	1.1578	0.68783	0.85059	1.05798	0.06568	0.18059	0.52664	8.94059	9.07049	9.15947	0.65305	0.89964	1.08767	0.61618	0.80325	0.95795	0.07803	0.26555	0.55131
2202	9.15305	9.65515	9.7326	1.04532	1.55281	1.71411	0.91983	1.44512	1.56505	0.16277	1.09162	1.32389	8.85194	8.98986	9.23853	0.80631	0.92515	1.23612	0.71219	0.79406	1.0892	0.14956	0.24933	0.79347
16877	10.21888	10.26385	10.36639	0.49901	0.85259	1.48344	0.68579	1.01419	1.48829	0.07816	0.34981	0.63269	9.79305	9.84023	9.87367	1.62734	1.85556	1.94187	1.53223	1.71774	1.78704	0.75203	1.02051	1.15386
5652	10.69473	10.75908	10.84485	2.27331	2.38488	2.64727	2.24101	2.33166	2.54147	1.58912	1.73181	2.10461	10.65279	10.69794	10.75924	2.4756	2.65495	2.84526	2.39977	2.52814	2.68088	2.20948	2.50414	2.92245
24809	10.12896	10.16559	10.22574	1.1118	2.06915	2.15622	1.32023	1.94762	2.00158	0.09515	0.99106	1.12383	9.52301	9.58835	9.87175	1.56568	1.61584	1.76036	1.42088	1.45287	1.62461	0.21993	0.27199	0.5225
8193	10.00654	10.22716	10.38008	-2.55295	-1.58542	-0.90483	-2.36887	-1.41762	-0.75341	-0.04259	0.05178	0.15693	9.32491	9.42669	9.63306	-4.42433	-2.81115	-0.6782	-4.25716	-2.65826	-0.49047	-1.49698	-1.10214	0.02139
7881	10.1744	10.35229	10.58109	-0.31497	0.52617	0.74698	-0.20947	0.59021	0.79295	0.01691	0.0916	0.24323	9.9586	10.02017	10.05721	-0.20564	0.25012	0.4488	-0.0325	0.33216	0.50799	-0.00059	0.07017	0.16001
17199	9.3661	9.49585	9.60276	0.46501	0.87947	1.20351	0.56159	0.86261	1.11889	0.1014	0.33989	0.73692	9.01516	9.1236	9.21386	0.72494	0.97334	1.18376	0.68784	0.86437	1.04359	0.20816	0.44116	0.75278
1112	9.67673	9.80168	9.90313	0.19569	1.29262	1.5911	0.35858	1.2479	1.48056	-0.10638	0.47132	0.8956	9.17856	9.3401	9.46818	1.00531	1.19185	1.41472	0.94822	1.09373	1.28978	0.18666	0.36888	0.71195
20746	9.18493	9.44799	9.6316	0.12393	0.7019	1.10815	0.25063	0.71483	1.05162	0.01733	0.21773	0.67385	8.85223	9.01259	9.15798	0.46575	0.75925	1.01113	0.48482	0.68839	0.90862	0.08097	0.24938	0.58569
3959	9.25421	9.43706	9.57172	0.89705	1.1628	1.41977	0.88129	1.06865	1.28704	0.14636	0.35489	0.87544	8.91724	9.04284	9.18453	0.87404	1.00043	1.17147	0.76959	0.87191	1.04077	0.14253	0.2587	0.57041
19042	9.3803	9.4993	9.73031	-1.89612	0.50813	1.16312	-1.77247	0.57948	1.08827	-0.82769	0.12665	0.76067	8.89574	8.99974	9.10087	0.65629	0.94688	1.10514	0.6373	0.83734	0.9703	0.20894	0.44288	0.62809
22276	10.57772	10.62772	11.24987	2.37493	2.52931	2.91633	2.29587	2.40689	2.65789	1.58799	1.79112	2.62811	10.56493	10.7118	10.74475	2.55796	2.79053	2.84054	2.41407	2.62506	2.66822	2.20776	2.71176	2.81003
27261	9.18627	9.54213	9.7825	-0.09974	0.70895	1.05106	0.0537	0.72348	0.98812	-0.18176	0.14493	0.47206	8.96911	9.12969	9.26078	0.45221	0.75964	1.02505	0.49865	0.71372	0.91447	0.05329	0.2269	0.5149
3518	10.02986	10.18434	10.40156	-1.76534	0.43801	0.90512	-1.63623	0.52435	0.94064	-0.75503	0.06867	0.35718	9.74719	9.8069	9.87469	-0.23584	0.20882	0.59197	-0.05992	0.36566	0.66275	-0.18504	0.06601	0.20985
22985	10.31844	10.44873	10.68958	-4.7975	-2.7506	-1.04314	-4.61409	-2.59776	-0.94254	0.16275	0.51114	0.95842	9.95753	10.03246	10.09382	-4.867	-2.61	-0.65332	-4.68622	-2.47536	-0.58684	0.00758	0.11587	0.3194
11976	9.70341	9.78122	9.88099	-0.81734	-0.35374	0.19173	-0.63341	-0.1955	0.29534	0.00313	0.06904	0.25181	9.12035	9.2694	9.40802	-2.90984	-0.16241	0.91753	-2.73792	-0.0043	0.87563	-1.32337	0.00223	0.62321
3437	9.5431	9.67705	9.93732	-1.11767	1.3583	1.57718	-1.00956	1.26971	1.44542	-0.62079	0.68144	1.07238	9.15708	9.27568	9.40715	1.12854	1.2975	1.47665	1.01301	1.15274	1.31925	0.45826	0.65986	0.99183
2961	9.01542	9.27769	9.46065	0.41826	0.76213	1.01088	0.45085	0.70261	0.91891	0.03536	0.19006	0.53742	8.82403	8.96498	9.0914	0.38205	0.69056	0.93155	0.42593	0.62211	0.80177	0.05598	0.21072	0.51007
25931	10.16575	10.22941	10.35047	-1.31247	-0.54583	0.13155	-1.14494	-0.34796	0.2776	-0.26616	0.04347	0.22784	9.41364	9.57913	9.75168	-1.55622	1.466	1.70208	-1.40542	1.33927	1.64834	-0.85246	0.72107	1.10622
6192	9.82679	9.90707	10.07683	-2.57215	0.58395	1.15678	-2.41874	0.67775	1.15889	-0.69443	0.16328	0.62018	9.42235	9.49823	9.55601	1.09886	1.44153	1.58226	1.05997	1.32688	1.43083	0.47829	0.85629	1.0588
2983	8.81851	9.03565	9.23913	0.46951	0.72554	0.99187	0.46958	0.64614	0.86244	0.01477	0.13911	0.51255	8.5559	8.73525	8.88424	0.37062	0.53121	0.77518	0.32967	0.43643	0.64532	0.01387	0.07658	0.33849
9297	9.10144	9.34498	9.62178	0.53071	0.80492	1.02923	0.57303	0.77536	0.95643	0.05776	0.16995	0.47312	9.07039	9.16097	9.24201	0.49213	0.76921	1.00233	0.52748	0.74062	0.91158	0.06768	0.27018	0.53493
5559	9.50569	9.63095	9.73516	1.1653	1.33804	1.50442	1.22453	1.27886	1.42168	0.07332	0.13292	0.44797	9.44435	9.52112	9.62377	1.0574	1.44956	1.55868	1.0353	1.32396	1.40421	0.07827	0.41817	0.57922
16277	9.9637	10.00282	10.04876	1.26598	1.44882	1.5293	1.26027	1.41684	1.4845	0.72217	0.98218	1.09815	9.51968	9.5807	9.63306	0.94327	1.33166	1.51896	1.00397	1.30586	1.41874	0.39818	0.82463	1.05439
1673	10.5612	10.69798	10.79419	-3.0433	-1.66702	0.8093	-2.86959	-1.51202	0.88453	-0.70532	-0.38652	0.22583	9.85042	10.04813	10.08872	1.78847	2.07208	2.15964	1.64259	1.95234	2.02462	0.66781	1.0601	1.15904
7052	9.56428	9.70462	9.84783	0.46286	0.732	1.01965	0.5408	0.75682	0.99667	0.03771	0.15191	0.40504	9.27445	9.35623	9.42121	0.62481	0.86731	1.1382	0.63374	0.83558	1.05819	0.08735	0.26734	0.5785
19104	10.45368	10.49623	10.53075	-1.32344	-0.76681	1.1989	-1.20436	-0.67976	1.21895	-1.13093	-0.98741	-0.02995	9.67579	9.99743	10.03071	-1.55087	1.13848	1.27769	-1.40607	1.17514	1.28647	-1.7706	-0.06259	0.03663
23689	10.3769	10.51357	10.63361	-2.01998	0.1955	0.60289	-1.8752	0.24137	0.64499	-0.05067	0.09061	0.30191	10.06871	10.11524	10.16282	-0.67536	0.02052	0.27393	-0.54587	0.08623	0.3221	0.00028	0.06505	0.17233
12230	9.15758	9.36833	9.52533	0.82219	1.02418	1.26262	0.80019	0.94562	1.13903	0.11196	0.29473	0.67517	8.93413	9.06753	9.14999	0.66581	0.79693	1.139	0.64125	0.73374	0.98592	0.07922	0.15877	0.56804
11792	8.84248	9.10548	9.32482	0.11728	0.42943	0.75111	0.15804	0.42459	0.62519	-0.95117	-0.47652	0.00314	8.93271	9.16073	9.24175	-0.07352	0.03934	0.40145	-0.04956	0.05125	0.35695	-1.05759	-0.86828	4e-05
4165	9.13683	9.29031	9.49191	0.86198	1.04386	1.20279	0.849	0.94938	1.09647	0.0516	0.1394	0.45049	9.18024	9.28985	9.41405	0.60675	0.89606	1.2335	0.63025	0.87396	1.11642	0.0568	0.25695	0.66399
1860	9.84471	9.95959	10.05241	0.90748	1.572	1.79211	1.00708	1.5166	1.6829	0.13777	0.67054	0.97383	9.34884	9.4758	9.66914	1.23138	1.36827	1.61312	1.16112	1.26351	1.52747	0.26385	0.41098	0.8159
687	10.2629	10.43283	10.69749	1.82264	2.15904	2.37193	1.83374	2.07682	2.24407	1.3315	1.70882	2.02769	10.12381	10.21732	10.31621	1.46281	1.94943	2.1932	1.50843	1.89144	2.07793	0.97126	1.5003	1.83098
4821	10.65981	10.79633	11.13977	-2.62249	-0.03541	1.30379	-2.4674	0.04106	1.3663	0.12705	0.6973	1.56209	10.32931	10.39974	10.49613	-1.51826	-0.31835	0.4325	-1.37054	-0.19738	0.53634	0.08327	0.39874	0.88876
12053	9.01711	9.23954	9.50713	0.40715	0.67699	0.95891	0.42168	0.62943	0.86509	0.08419	0.22342	0.59534	8.92472	9.03828	9.14591	0.34522	0.6093	0.83343	0.35373	0.58281	0.74622	0.08787	0.28609	0.53965
25026	9.56184	9.71292	9.90353	-1.68527	0.78102	1.43873	-1.53091	0.86364	1.34528	-0.75949	0.19121	0.83729	9.05008	9.17656	9.29164	-1.68655	1.13137	1.31784	-1.56845	1.01195	1.16904	-1.33126	0.39654	0.61873
15428	9.28596	9.40433	9.52648	0.72599	1.03088	1.26207	0.71687	0.99944	1.13708	0.08197	0.44231	0.70515	9.05332	9.13322	9.20047	0.62134	0.77368	0.91102	0.61953	0.73302	0.83272	-0.0481	0.13608	0.31265
9981	9.06611	9.27433	9.44081	0.03332	0.50165	0.90623	0.15758	0.52071	0.83312	0.01698	0.17591	0.59204	8.74473	8.8971	9.01711	0.3598	0.63176	0.88036	0.37768	0.5555	0.76212	0.10492	0.28898	0.62172
1284	9.14936	9.3499	9.54738	0.77238	1.02899	1.26147	0.7761	0.94482	1.13983	0.04596	0.1868	0.53803	8.89007	9.02883	9.14369	0.72682	0.88958	1.1022	0.66321	0.7875	0.96641	0.05669	0.15063	0.40989
16827	9.24508	9.37281	9.53677	1.05985	1.23134	1.36973	0.97103	1.15911	1.21944	0.0391	0.33404	0.55473	9.10862	9.14068	9.1738	0.94245	1.03926	1.1302	0.86675	0.93337	0.99562	0.05809	0.17569	0.28771
20314	10.12204	10.28978	10.53089	1.68688	1.99434	2.19094	1.69021	1.92988	2.06959	1.37149	1.73137	2.04476	9.94569	10.04388	10.14118	1.14748	1.70851	1.98014	1.22283	1.67475	1.8759	0.80353	1.4108	1.7689
6959	9.23816	9.40449	9.52908	0.52276	0.84103	1.15983	0.59725	0.81838	1.0688	0.04954	0.19227	0.59417	8.93975	9.05564	9.15194	0.66385	0.88818	1.11543	0.63053	0.78428	0.97966	0.10652	0.27081	0.6274
5868	10.41553	10.49804	10.69124	-1.68847	-0.04438	0.41634	-1.55022	0.12925	0.54208	-0.34666	0.0307	0.20176	9.67283	10.0414	10.08396	-2.66624	1.41781	2.15024	-2.47073	1.43132	1.98876	-1.56879	0.58688	1.32656
6572	9.75436	9.93588	10.09312	0.69073	0.83704	1.01892	0.71755	0.84865	1.00821	0.05004	0.11806	0.26856	9.46959	9.53403	9.58199	0.64347	0.83976	1.12135	0.70348	0.85529	1.09364	0.06737	0.18228	0.46048
25183	8.93768	9.12377	9.25884	0.61992	0.87762	1.11567	0.60601	0.78618	0.99384	0.10724	0.34346	0.77651	8.65714	8.78642	8.92098	0.5011	0.67573	0.87866	0.44222	0.56047	0.73972	0.08498	0.19997	0.50049
24211	10.05074	10.15909	10.23791	1.4308	1.69108	1.87745	1.47007	1.63713	1.81242	0.07613	0.23288	0.63662	9.69285	9.72302	9.76343	1.64941	1.73104	1.79004	1.545	1.59087	1.62777	0.24249	0.31581	0.5233
22110	9.23599	9.40371	9.51546	0.69209	1.1859	1.46289	0.70792	1.09976	1.31112	0.39737	0.96377	1.38599	8.66719	8.84808	9.05514	0.61327	0.755	0.9828	0.52439	0.63402	0.86575	0.2012	0.3549	0.71647
5319	9.12805	9.29612	9.43315	0.52731	0.82466	1.10509	0.5719	0.77926	1.00965	0.05962	0.22839	0.60429	8.8121	8.92541	9.02524	0.62812	0.80618	0.98607	0.59072	0.70269	0.84266	0.12814	0.24512	0.45878
5077	9.15462	9.38559	9.54825	0.54616	0.85003	1.1423	0.58476	0.7971	1.04425	0.046	0.18213	0.5867	8.92767	9.06705	9.15768	0.52388	0.80183	1.05233	0.53028	0.71793	0.92103	0.04529	0.19905	0.54389
23864	9.95147	10.04226	10.16216	-2.87741	0.20604	0.69005	-2.70476	0.39141	0.8069	-1.11728	0.02798	0.15438	9.22787	9.31845	9.57023	1.12825	1.28624	1.56118	1.07487	1.15742	1.43218	0.21829	0.34489	0.76973
5088	10.27783	10.47664	10.56247	2.32456	3.11414	3.33347	2.15201	2.51692	2.59517	1.49912	2.82448	3.25155	9.53034	9.89278	10.19222	1.62946	2.00947	3.01182	1.45767	1.83905	2.23488	0.4678	1.20674	2.88682
693	9.01393	9.15601	9.35635	0.48431	0.83471	1.03395	0.52415	0.77005	0.91039	0.06769	0.27688	0.50435	9.10672	9.28931	9.41137	0.10457	0.32781	0.72091	0.13846	0.3431	0.67875	0.00161	0.0843	0.43958
25361	9.85098	10.06953	10.16637	1.621	1.97713	2.11472	1.49172	1.85096	1.95754	0.34834	0.84755	1.14146	9.46687	9.54471	9.79788	1.46528	1.56191	1.80907	1.33271	1.40932	1.66608	0.26784	0.38239	0.82382
3209	10.01703	10.11744	10.20246	1.18502	1.68274	1.90067	1.23283	1.63758	1.8005	0.24598	0.72215	0.99463	9.59914	9.77803	9.82292	1.40703	1.78384	1.88887	1.31422	1.65647	1.72752	0.33274	0.86524	1.00825
10578	10.97034	11.29582	11.67557	-0.65451	-0.38379	-0.0291	-0.56082	-0.17172	0.07321	-0.83053	0.63894	0.64969	10.5174	10.52324	10.67908	-6.29183	-6.03722	-4.96627	-6.08032	-5.8318	-4.78376	-1.48886	-1.47173	-0.80709
25138	9.30068	9.5124	9.69016	0.26479	0.71499	1.1389	0.37642	0.73374	1.06244	0.03619	0.21636	0.62512	8.95649	9.10928	9.2416	-0.74914	0.80095	1.06813	-0.63032	0.7362	0.95071	-0.78671	0.27457	0.58628
15039	9.08723	9.33286	9.57391	0.33595	0.69865	0.95144	0.36955	0.67256	0.85722	-0.22598	0.05215	0.30803	8.99998	9.10868	9.2072	0.43898	0.57664	0.86991	0.43824	0.55153	0.77751	-0.0577	0.04813	0.30121
10667	9.96023	10.03525	10.09456	-0.11324	0.32948	0.79489	0.06625	0.47484	0.86999	-0.17196	0.03934	0.15977	9.56761	9.66346	9.71451	0.92688	1.2326	1.47608	0.95333	1.19283	1.39674	0.15826	0.4395	0.73134
5026	8.90539	9.10093	9.24438	0.59387	0.7951	1.01411	0.57303	0.71472	0.89855	0.01425	0.17168	0.46971	8.69607	8.7924	8.87367	0.47623	0.63369	0.84231	0.42675	0.54614	0.70464	0.01001	0.10021	0.35462
7355	9.8673	10.01922	10.13992	0.74262	1.0778	1.36815	0.77437	1.08762	1.34126	0.39715	0.8043	1.1781	9.85753	9.93164	10.00101	0.52843	0.92612	1.35693	0.55971	0.94177	1.34246	0.36761	0.87792	1.42979
489	10.51116	10.72062	11.00109	-2.49169	-0.76261	0.65892	-2.31675	-0.61197	0.8527	-0.71977	0.00276	0.40939	10.04246	10.06883	10.21158	-2.93239	-2.25917	1.84755	-2.73558	-2.08091	1.74479	-1.20845	-0.98914	0.77704
17111	9.26473	9.35924	9.45968	0.80325	1.10829	1.24666	0.76907	1.03189	1.11487	0.22024	0.67678	0.85509	8.93455	9.0456	9.09827	0.67612	1.03549	1.14555	0.60843	0.89776	0.98536	0.16135	0.62375	0.75308
490	10.01889	10.08219	10.14548	1.96086	2.06088	2.14331	1.84233	1.91172	1.98403	1.23423	1.38597	1.5432	9.98192	10.03537	10.10648	1.9995	2.07761	2.14477	1.87313	1.92501	1.99112	1.65135	1.79409	1.94414
3749	8.98408	9.23295	9.46566	0.48828	0.75547	0.95971	0.53916	0.7004	0.87023	0.00447	0.0597	0.29859	8.94324	9.04463	9.1524	0.454	0.63967	0.91868	0.45429	0.60043	0.8023	0.00079	0.08503	0.35244
10564	9.14407	9.28608	9.39929	0.84306	1.0926	1.24639	0.78344	0.99703	1.10795	0.20218	0.55988	0.82092	8.78572	8.88265	9.01649	0.69833	0.80849	0.97874	0.61276	0.68061	0.83949	0.14433	0.21901	0.41523
21079	9.04265	9.26269	9.3754	0.80075	1.01534	1.23694	0.73811	0.9185	1.10558	0.06942	0.29914	0.67661	8.82689	8.90267	8.97927	0.68377	0.8924	1.02972	0.59204	0.75356	0.87325	0.07054	0.3163	0.51484
3738	9.29592	9.47749	9.63115	0.07362	0.80377	1.17251	0.24225	0.8056	1.10194	0.00152	0.21425	0.62467	8.88224	9.0347	9.16346	0.6587	0.85831	1.0999	0.63495	0.76516	0.96968	0.11921	0.25807	0.56107
3066	9.0287	9.30754	9.5127	0.22027	0.69304	1.07914	0.29647	0.65703	0.98375	0.08293	0.32904	0.83013	8.72031	8.91183	9.07073	0.37752	0.6493	0.8984	0.39285	0.57808	0.78427	0.13418	0.32067	0.62753
1604	10.2148	10.2575	10.3535	0.78053	2.01161	2.16301	0.9244	1.94463	2.04085	0.03992	1.0602	1.27778	9.78035	9.82126	9.93027	1.80959	1.88276	1.98938	1.67086	1.72051	1.84947	0.67821	0.74932	1.00648
22257	9.78943	10.01868	10.2569	0.34895	1.40497	1.89678	0.43434	1.38643	1.78667	0.37376	1.36332	2.0885	9.62851	9.76834	9.91899	0.58531	1.32894	1.73966	0.66745	1.30686	1.63032	0.53758	1.32016	1.88995
16133	9.83221	9.92619	10.00524	0.44323	1.19386	1.54521	0.60619	1.20633	1.48195	0.29706	0.71152	1.07774	9.26821	9.39532	9.52758	-0.77095	1.14457	1.38266	-0.65736	1.08362	1.28319	-0.76104	0.54509	0.87592
5278	9.77921	9.88645	9.98752	1.01346	1.15917	1.34725	1.01232	1.14285	1.30587	0.07832	0.18585	0.43994	9.47218	9.53933	9.59233	1.05544	1.32056	1.49926	1.02588	1.23667	1.37489	0.13019	0.3933	0.643
10995	9.30728	9.43897	9.5535	0.74011	1.05441	1.23279	0.75595	0.99993	1.12202	0.3632	0.70739	0.93842	8.91471	9.06263	9.15586	0.56532	0.95263	1.17342	0.5886	0.84186	1.02735	0.18335	0.55391	0.89992
1644	9.17461	9.43906	9.62846	-0.06771	0.55984	1.00803	0.0793	0.58903	0.9342	0.00578	0.18794	0.58977	8.72214	8.89169	9.06031	0.54659	0.75866	0.97435	0.49404	0.64965	0.84759	0.15347	0.31647	0.57683
22753	9.89687	9.98279	10.06894	0.2378	0.76594	1.37579	0.41762	0.8742	1.35292	0.02535	0.15234	0.56808	9.30227	9.5245	9.64142	-3.06333	1.39916	1.69712	-2.87894	1.33034	1.55684	-1.80952	0.63126	1.04124
22584	9.78002	9.89237	10.03741	1.28949	1.56291	1.8036	1.28078	1.49025	1.65396	0.61322	0.96409	1.36701	9.89396	9.98573	10.04823	0.93664	1.19	1.47223	0.96094	1.19117	1.44396	0.4492	0.79181	1.19308
24167	9.63475	9.75862	9.91717	-2.11774	0.27029	1.16809	-1.96276	0.40735	1.14018	-0.76774	0.05394	0.60981	9.05596	9.20427	9.33857	-2.46596	1.02353	1.28175	-2.29949	0.92877	1.15305	-1.51707	0.40165	0.73961
2717	11.54877	11.63963	11.88961	0.04589	1.43556	1.81954	0.16454	1.51933	1.89847	1.66942	2.22907	2.56026	11.20552	11.3188	11.39375	-1.83529	-0.50788	0.39845	-1.67106	-0.35224	0.51372	1.35174	1.76843	2.11425
