#	ID	BPASS_log10M*_16	BPASS_log10M*_50	BPASS_log10M*_84	BPASS_SFR10_16	BPASS_SFR10_50	BPASS_SFR10_84	BPASS_SFR100_16	BPASS_SFR100_50	BPASS_SFR100_84	BPASS_A_V_16	BPASS_A_V_50	BPASS_A_V_84	PEGASE_log10M*_16	PEGASE_log10M*_50	PEGASE_log10M*_84	PEGASE_SFR10_16	PEGASE_SFR10_50	PEGASE_SFR10_84	PEGASE_SFR100_16	PEGASE_SFR100_50	PEGASE_SFR100_84	PEGASE_A_V_16	PEGASE_A_V_50	PEGASE_A_V_84
8167	11.20323	11.21394	11.22068	-17.06827	-12.03895	-7.31137	-16.87624	-11.89872	-7.20991	0.95301	0.97681	1.14863	10.48146	10.48743	10.49307	-14.85662	-12.58503	-8.82602	-14.65518	-12.41047	-8.70221	0.12965	0.14769	0.16794
26345	9.44487	9.57525	9.64276	0.93672	0.98129	1.47444	0.90778	0.9442	1.30725	0.28565	0.33609	1.07722	9.53699	9.57008	9.63892	0.63548	0.98924	1.4211	0.72962	0.96123	1.31908	0.33823	0.64502	1.27533
16435	11.03972	11.12904	11.8115	-0.32489	1.86562	2.60459	-0.18432	1.85832	2.5944	2.1828	2.32462	3.65075	10.74413	10.77267	10.7894	0.84321	0.87919	0.91517	0.85349	0.88913	0.92978	0.74104	0.7968	0.94268
23855	10.21457	10.79042	11.38588	-5.15381	-0.92273	1.24228	-4.99583	-0.73795	1.23051	1.398	1.79798	3.62862	10.08025	10.12836	10.17298	0.81321	0.90496	0.98664	0.81487	0.90604	0.98991	1.26334	1.40034	1.61907
25028	9.65804	9.90328	10.15212	0.21743	1.1887	1.39219	0.29157	1.16207	1.35321	0.39712	1.42074	1.71342	9.56267	9.64076	9.68606	0.47466	0.92081	1.20038	0.49727	0.90363	1.16024	0.64068	1.14689	1.508
22002	11.52098	11.53811	11.5732	-21.35927	-16.36606	-7.95579	-21.14823	-16.17569	-7.83545	0.1469	0.58209	0.72305	-99.99 -99.99 -99.99 -99.99 -99.99 -99.99 -99.99 -99.99 -99.99 -99.99 -99.99 -99.99
2903	9.54359	9.58758	10.25452	0.31528	1.55806	1.62299	0.33691	1.398	1.4535	1.01806	1.82805	1.96497	9.62079	9.66742	9.71493	0.15367	1.38837	1.56666	0.17283	1.31909	1.45531	0.86682	1.8922	2.12351
17233	9.09102	9.5374	9.5798	0.86359	1.59167	1.64369	0.83669	1.41616	1.46788	0.35546	1.40873	1.49896	9.33188	9.34357	9.35466	1.34239	1.4252	1.44316	1.20611	1.25469	1.26858	1.14244	1.25488	1.28591
482	11.067	11.63782	11.67059	-3.85272	-2.07617	-1.52745	-3.76681	-1.87027	-1.34249	1.62969	3.53411	3.59482	10.53216	10.54132	10.55055	-6.78282	-0.08727	0.1753	-6.62311	-0.06266	0.19528	0.33141	0.55286	0.67877
25389	9.165	9.31898	9.60004	-0.04418	0.30784	0.74372	-0.02077	0.30486	0.71726	0.20553	0.58725	1.24724	9.13442	9.19876	9.27739	-0.25997	0.14885	0.63055	-0.22845	0.15467	0.60549	0.19388	0.61824	1.18965
22857	9.8537	9.90181	10.06942	1.37819	1.42514	1.48757	1.34536	1.37399	1.42988	0.91013	0.95428	1.5003	9.91321	9.92034	9.9324	1.91967	1.98494	2.0105	1.78421	1.82208	1.8368	2.043	2.12459	2.15954
18767	10.55182	11.17821	11.20864	-5.23126	-2.43928	-1.77025	-5.10547	-2.24402	-1.59961	0.64308	2.75508	2.84319	10.03583	10.04942	10.07229	-5.87264	-3.98633	-2.48435	-5.68794	-3.84395	-2.38575	0.01477	0.06694	0.15395
952	8.93887	8.97495	9.0255	0.67058	0.97044	1.02533	0.60251	0.80962	0.85863	0.4097	0.9175	1.04225	9.02657	9.0603	9.09036	0.85492	1.04216	1.13701	0.7677	0.90825	0.96998	1.0267	1.31291	1.44991
21174	9.56099	9.70468	10.18139	0.3671	0.79156	0.87591	0.36938	0.77229	0.84739	0.55636	1.07551	2.08563	9.46632	9.52507	9.59047	0.4414	1.05414	1.26672	0.57642	1.02776	1.19465	1.39365	1.82327	2.07412
15775	10.47148	11.12377	11.62888	-1.45022	2.05905	2.56599	-1.24149	2.00323	2.56813	2.09418	2.84659	3.32863	10.57014	10.65864	10.66549	0.95568	1.05863	1.0913	1.00398	1.06161	1.09517	0.94368	0.98281	1.06101
8461	8.87655	9.12207	9.29515	0.44256	0.72806	1.05642	0.42379	0.6303	0.90206	0.24931	0.56932	1.18863	9.09142	9.12425	9.15737	0.78848	0.98697	1.14028	0.73095	0.88629	0.99333	1.03678	1.31796	1.53646
24313	10.19263	10.48929	10.65519	0.4149	0.59382	0.70499	0.42868	0.61974	0.73054	0.05316	0.19711	0.35152	10.10215	10.14551	10.18966	0.27452	0.33801	0.40581	0.29332	0.35407	0.42074	0.04326	0.10371	0.16728
26185	10.0857	10.5976	11.48647	-2.40917	1.6716	2.11807	-2.29703	1.62654	1.95311	1.1888	2.70221	3.30237	10.22916	10.25074	10.31818	0.59885	0.77249	0.88946	0.61958	0.78988	0.91083	0.87692	1.0423	1.39907
17098	9.10576	9.20041	9.32807	0.64335	0.75669	0.85126	0.58775	0.70375	0.79852	0.40388	0.6127	0.764	9.10879	9.16035	9.22087	0.80584	0.87187	0.94233	0.74586	0.80227	0.86684	0.81499	0.91376	1.0328
1609	9.2982	9.41784	9.6771	0.35247	1.23483	1.42797	0.41192	1.13094	1.28396	0.50926	1.48588	1.79034	8.99483	9.09689	9.18593	0.82877	1.02623	1.20904	0.75366	0.89461	1.05428	0.94817	1.19296	1.49873
15336	10.49739	10.50311	11.93265	-5.58641	2.55286	2.55799	-5.41687	2.37605	2.381	2.99198	3.82754	4.79212	10.93973	10.99697	11.00927	1.63726	1.67826	2.58552	1.63736	1.67805	2.52771	2.78046	2.8579	4.56455
22727	9.07128	9.27189	9.46356	0.52352	0.82914	1.08008	0.4945	0.7752	0.99243	0.72	1.14638	1.51864	8.89104	8.94725	9.01469	0.22292	0.4786	0.73872	0.21367	0.44052	0.6665	0.37122	0.71644	1.0786
17254	9.28513	9.44819	9.56556	0.69927	0.78992	1.15181	0.68784	0.76559	1.02788	0.64096	0.75074	1.25148	9.39674	9.44964	9.49709	0.49587	0.71663	1.01304	0.49739	0.70673	0.96699	0.61107	0.98626	1.41283
19133	8.81555	8.85467	8.90253	0.73286	0.83788	0.90002	0.61472	0.68364	0.73578	0.57917	0.72948	0.85244	8.88862	8.927	8.96844	0.62953	0.82849	0.95653	0.56667	0.71769	0.80256	0.66579	0.95791	1.13171
20066	9.39235	9.43151	9.47463	1.36599	1.44389	1.49294	1.22111	1.27987	1.32416	1.06914	1.18376	1.26335	9.15901	9.21144	9.24256	1.08143	1.25275	1.32255	0.9682	1.09683	1.15232	0.73785	0.98641	1.08023
24943	10.63398	10.98946	11.37055	-1.05611	1.71687	2.51598	-0.89822	1.69485	2.47152	1.29372	2.56118	3.23624	10.25985	10.3329	10.42328	0.15765	0.56661	0.70385	0.34301	0.65591	0.75697	0.69557	0.93059	1.38391
18160	11.37179	12.09706	12.10242	-1.8333	-1.78677	0.53364	-1.62036	-1.57493	0.57576	1.34282	2.99077	3.00244	11.00632	11.02311	11.05735	1.1791	1.20569	1.27711	1.19589	1.22166	1.29652	0.8161	0.84559	1.34582
6665	9.23152	9.25198	9.31801	0.97419	1.29567	1.32271	0.91174	1.12228	1.14774	0.27638	0.8095	0.88352	9.31299	9.32508	9.33981	1.33398	1.40339	1.42493	1.19377	1.23457	1.25132	1.12933	1.21841	1.25413
23351	9.71309	9.8645	10.11897	-2.62037	-0.79949	-0.58733	-2.52515	-0.76374	-0.5577	0.00163	0.03027	0.1467	9.60618	9.69021	9.72758	-1.2556	-0.92414	-0.78074	-1.2231	-0.90516	-0.76565	-0.11562	0.00789	0.03892
1025	9.6339	9.68952	9.83733	0.8906	1.21507	1.33947	0.88288	1.16607	1.26638	1.14664	1.54814	1.71812	9.73068	9.76837	9.81349	0.34524	0.91243	1.09624	0.48206	0.9006	1.07124	1.07053	1.44571	1.66004
26600	9.28157	9.43145	9.61883	0.24636	1.3197	1.53373	0.26149	1.19065	1.38086	0.53814	1.88306	2.24435	8.97951	9.07732	9.16541	0.36887	0.86635	1.1819	0.34808	0.77157	1.03097	0.57942	1.24996	1.70924
16455	10.06562	10.12993	10.47876	2.05455	2.12335	2.54007	1.91018	1.94963	2.36254	0.86662	0.97892	1.90686	10.29467	10.29884	10.3094	2.2517	2.3998	2.40493	2.11787	2.22259	2.22813	1.5419	1.80111	1.81297
18908	9.59145	9.75181	9.84006	0.87876	0.95541	1.29385	0.86698	0.94114	1.21681	0.48379	0.60066	1.11093	9.63998	9.67136	9.7019	1.12273	1.23549	1.36469	1.0955	1.19433	1.30377	1.14831	1.29335	1.46632
20860	8.72755	8.84747	8.99874	0.40184	0.57125	0.7206	0.35566	0.48058	0.60396	0.35706	0.53943	0.80051	8.89992	8.9856	9.04753	0.19965	0.44619	0.72229	0.19008	0.41814	0.64906	0.39633	0.68728	1.0007
19422	10.66377	11.61319	11.63672	-2.24061	-1.59876	1.38604	-2.02994	-1.411	1.39602	1.46233	3.03398	3.09996	10.46256	10.51139	10.57221	0.72344	1.27251	1.34668	0.89482	1.27838	1.35165	1.61591	1.72015	2.10926
7886	11.14582	11.61652	11.74623	-5.87246	-2.94138	-1.91476	-5.7481	-2.78547	-1.8006	0.61684	2.49254	2.85953	10.67183	10.68537	10.70383	-2.65078	-0.15619	-0.04707	-2.55524	-0.12185	-0.01757	0.15132	0.20459	0.2572
14099	9.69894	9.70832	9.86377	1.75385	1.76453	1.90917	1.57796	1.5879	1.73296	1.26459	1.29017	1.61018	9.78735	9.79649	9.82017	1.52809	1.82621	1.87813	1.46053	1.67685	1.70906	1.21949	1.64607	1.72029
3647	11.27427	11.29296	11.29842	-18.58619	-15.20165	-10.17136	-18.38403	-15.03342	-10.05298	-0.08017	0.00376	0.35206	-99.99 -99.99 -99.99 -99.99 -99.99 -99.99 -99.99 -99.99 -99.99 -99.99 -99.99 -99.99
21708	11.0697	11.15426	11.50427	-9.13217	-5.09345	-3.33253	-8.97771	-4.92307	-3.21464	1.21204	1.52295	2.92781	10.63787	10.64493	10.65273	-9.39596	-5.30577	-2.51647	-9.22122	-5.2033	-2.43079	0.19797	0.23696	0.29531
2697	10.02485	10.04628	10.84707	0.59627	1.58077	1.60766	0.62939	1.52916	1.55126	1.15306	1.19637	1.24885	10.00628	10.01826	10.19968	0.85245	2.02948	2.08593	0.89579	1.88662	1.91915	1.05833	2.17058	2.2418
40	10.19679	10.3875	10.93615	1.38794	1.77328	2.48825	1.38805	1.71795	2.4389	0.79008	1.0433	2.60297	10.15773	10.21541	10.27438	1.58512	1.84888	2.33194	1.59153	1.78706	2.16525	1.28298	1.47574	2.28789
22456	11.17151	11.73267	11.75086	-2.73808	-2.29275	-1.2652	-2.57109	-2.10617	-1.1592	1.6846	3.42293	3.48116	10.65991	10.68627	10.70719	0.81694	0.87062	0.91707	0.82533	0.87787	0.92485	0.9813	1.04008	1.18714
23927	10.37674	11.35319	11.38327	-2.30525	-1.80258	1.64686	-2.1005	-1.61015	1.62199	2.01455	2.55333	2.62553	10.24371	10.27105	10.30626	-0.09855	0.03199	0.15443	-0.05263	0.07282	0.19585	0.26001	0.39028	0.65693
267	11.19907	11.27394	11.31195	-2.82069	-2.21319	-1.37777	-2.61624	-2.01763	-1.22575	2.33746	3.07296	3.17542	10.04438	10.06668	10.09525	-4.88862	-1.2849	-0.74445	-4.73377	-1.22121	-0.69471	0.0398	0.15556	0.28511
26398	10.32192	11.187	11.68391	-5.63018	-1.35633	1.46595	-5.50063	-1.15755	1.45016	1.06864	1.75185	3.45092	10.15209	10.29099	10.48049	0.57725	1.60639	1.96967	0.69383	1.66105	1.92149	1.22236	1.92201	2.58177
17225	8.93422	9.06815	9.2343	0.51234	0.76154	0.9768	0.49254	0.67107	0.84744	0.15123	0.43471	0.81431	9.13027	9.19151	9.2632	0.38939	0.61233	0.84955	0.37674	0.58389	0.78402	0.21914	0.55675	0.87678
16236	9.64992	9.7076	9.75828	1.65776	1.73629	1.78952	1.50169	1.56905	1.61941	1.51562	1.64283	1.73232	9.40978	9.52028	9.55485	1.45367	1.5852	1.64186	1.30002	1.42527	1.47042	1.29028	1.46225	1.54454
12829	9.37089	9.44676	9.55182	0.73312	0.8087	0.89211	0.71034	0.77669	0.84523	0.86651	0.94659	1.08685	9.40985	9.46616	9.52456	0.59819	1.05157	1.27509	0.58767	1.00223	1.17739	1.0909	1.64819	1.918
21038	10.94116	11.49949	11.52994	-2.76528	-2.24564	-1.49489	-2.59172	-2.05397	-1.33317	0.85589	2.67993	2.76923	10.36934	10.38368	10.39596	-5.42643	-1.46041	-0.75723	-5.25008	-1.38655	-0.70173	-0.02378	0.02206	0.08754
143	9.39156	9.52509	9.69953	0.49221	0.83308	0.95241	0.48781	0.80396	0.90189	0.29649	0.75146	0.91925	9.38701	9.43158	9.53268	0.49825	1.0744	1.43777	0.49053	1.01333	1.28814	0.55419	1.37755	1.93461
13097	10.3323	10.34192	10.35004	1.92143	1.93584	1.94636	1.86493	1.8768	1.88502	1.32705	1.34203	1.35471	10.31565	10.33527	10.36821	1.0552	2.50262	2.63187	1.08835	2.32923	2.41986	0.41126	2.55942	2.79741
23882	10.13965	10.70396	10.7815	-3.52001	-2.08332	-0.20036	-3.35509	-1.92727	-0.14002	1.08028	2.51182	2.78129	9.57826	9.64337	9.70857	-1.32432	-0.54597	-0.19357	-1.16147	-0.46832	-0.13075	0.36336	0.89248	1.37601
2862	10.68354	10.88303	11.19868	-5.93332	-3.71419	-1.85833	-5.7725	-3.56787	-1.77179	0.01351	1.57127	1.88164	10.294	10.35648	10.3645	-6.59297	-4.84759	-3.2282	-6.40685	-4.69005	-3.10759	-0.25508	0.00081	0.01085
14782	9.69677	9.73369	9.76539	1.71892	1.77404	1.80783	1.55327	1.60248	1.63461	1.30843	1.39571	1.45116	9.50806	9.57307	9.59273	1.10711	1.60995	1.66572	1.158	1.45884	1.49584	0.65867	1.25174	1.32693
1603	9.28351	9.33535	9.38859	1.30062	1.3798	1.43495	1.13852	1.20725	1.261	1.11248	1.25295	1.35145	9.03141	9.12429	9.14826	0.92713	1.19024	1.22885	0.8103	1.02591	1.05623	0.53565	1.06763	1.13149
2102	9.12007	9.19484	9.25457	0.92562	1.10304	1.21736	0.83193	0.97305	1.05883	0.68272	0.99308	1.18566	9.24346	9.28196	9.32222	0.71233	0.94045	1.0873	0.6853	0.88881	1.00957	0.67028	1.04439	1.23599
18326	10.58507	10.97564	11.65272	-1.82625	0.8657	2.38355	-1.62111	0.90515	2.36272	1.24767	2.1495	2.49453	10.54813	10.57978	10.61273	1.52587	1.83597	1.94059	1.57018	1.83247	1.92122	1.31598	1.69797	1.81104
7094	8.63548	8.70853	9.28444	0.48425	0.5297	0.61122	0.40132	0.43457	0.49989	0.20417	0.26039	0.47057	8.85875	8.97886	9.06926	0.36444	0.53873	0.80722	0.33414	0.49088	0.72093	0.26269	0.51671	0.84958
15870	9.31605	9.74968	9.80986	1.01878	1.49895	1.84797	0.98872	1.33221	1.67162	0.31481	0.97815	1.65124	9.49539	9.52636	9.55556	1.29059	1.60443	1.63333	1.24389	1.43286	1.45824	0.92603	1.35067	1.40659
22343	10.17445	11.13654	11.2145	-2.08593	-1.09584	1.26377	-1.8852	-0.92335	1.2482	1.34879	2.5457	2.7895	9.977	10.05651	10.11165	0.61246	0.86702	1.04087	0.71256	0.95757	1.13122	1.09523	1.68048	1.77924
18821	11.38896	12.09089	12.10391	-3.4762	-1.85514	-1.64206	-3.30477	-1.64911	-1.43963	1.41315	3.64654	3.6916	10.976	10.99087	10.9986	-0.67961	1.21696	1.24431	-0.62219	1.22258	1.24957	0.81444	1.11769	1.17565
21315	8.75089	8.91465	9.0721	0.62122	0.78851	0.93252	0.51244	0.66424	0.80448	0.46094	0.72792	0.97673	8.76157	8.85087	8.94519	0.5807	0.74623	0.87759	0.50814	0.62416	0.7448	0.59928	0.78642	1.00648
18715	10.71888	11.17158	11.2366	-6.31234	-3.68582	-2.38393	-6.15678	-3.54193	-2.29022	1.23267	1.80038	1.89946	10.18617	10.20278	10.26138	-7.52055	-4.71349	-3.31505	-7.33435	-4.58724	-3.22327	-0.74175	-0.64371	-0.04386
7837	10.31892	10.45166	11.65561	-2.10952	1.97353	1.9965	-1.90166	1.92446	1.96339	1.00927	1.10547	1.9618	10.43641	10.446	10.45574	2.27417	2.54264	2.55155	2.18193	2.36636	2.37457	1.85077	2.26241	2.28116
15753	9.44074	9.71701	9.76437	1.0205	1.74211	1.79549	0.96659	1.57484	1.62191	0.84313	1.97319	2.06546	9.4311	9.44868	9.48391	1.43526	1.49752	1.53426	1.30278	1.33795	1.36761	1.60842	1.67979	1.74038
17265	9.75393	9.89046	9.92587	1.29051	1.31378	1.80309	1.25791	1.27571	1.62779	0.45291	0.47804	1.20145	9.81416	9.84037	9.8492	1.67693	1.90792	1.93705	1.57727	1.74547	1.76234	1.24421	1.62623	1.66549
8041	10.84322	10.86097	10.92393	-9.84478	-6.60726	-3.94378	-9.67248	-6.49401	-3.8639	0.33308	0.39372	0.64488	10.45079	10.48508	10.54254	-12.38687	-6.43254	-3.92179	-12.22136	-6.32539	-3.84228	-0.24556	-0.2033	0.00104
18413	9.08212	9.16063	9.22071	1.04027	1.15535	1.23697	0.90725	1.0015	1.07157	1.11105	1.30403	1.44791	8.74603	8.81248	8.92839	0.43617	0.65914	0.8288	0.38612	0.56332	0.70378	0.33257	0.6136	0.89308
16514	11.08419	11.66792	11.71428	-2.33034	-1.00203	1.06887	-2.13713	-0.87773	1.09876	0.78041	2.12674	2.28589	10.63518	10.65514	10.74705	-1.6765	-1.36536	-1.16376	-1.55989	-1.25573	-1.06493	-0.0791	0.01273	0.10412
170	8.91581	9.056	9.24565	0.32856	0.5095	0.7087	0.32129	0.4709	0.6111	0.30538	0.52462	0.78489	9.05671	9.13198	9.22331	0.0221	0.28479	0.74827	0.02091	0.27244	0.68809	0.13176	0.48767	1.21528
24372	11.22577	11.29985	11.36789	-18.67537	-11.35687	-5.07393	-18.48547	-11.22439	-4.9674	0.51189	0.68694	1.80723	-99.99 -99.99 -99.99 -99.99 -99.99 -99.99 -99.99 -99.99 -99.99 -99.99 -99.99 -99.99
5012	9.52744	9.56442	9.58231	1.60105	1.62848	2.1609	1.43356	1.45232	1.56506	0.84567	0.89353	1.72733	9.65694	9.66598	9.67239	1.60084	1.75947	1.76948	1.46785	1.58572	1.59386	1.09984	1.34721	1.36491
21963	9.15579	9.29704	9.36568	0.77003	0.81667	1.16804	0.72997	0.76943	1.00483	0.48724	0.55085	1.08964	9.26253	9.28128	9.30816	1.16115	1.29422	1.35724	1.06413	1.15043	1.19051	1.42088	1.59149	1.6819
528	11.42698	12.02415	12.34728	-1.32923	1.95806	2.70009	-1.14327	2.01574	2.77621	1.53362	2.60365	3.17854	11.17498	11.18065	11.28452	0.25292	0.79158	0.88305	0.33796	0.86963	0.95884	0.51374	0.6078	1.06239
16697	9.82496	9.84738	9.86967	1.31781	1.39307	1.41911	1.27827	1.34105	1.36233	0.89296	0.94174	0.97655	9.77324	9.78511	9.82734	1.82218	1.87167	1.89052	1.66893	1.69869	1.71541	1.91868	1.98833	2.02899
2583	9.61859	9.64691	9.67141	1.41453	1.46612	1.52002	1.32385	1.36442	1.40307	0.92184	0.99734	1.0656	9.61244	9.64331	9.81016	0.90652	1.53641	1.66078	0.94095	1.42417	1.50972	0.90874	1.45334	1.65725
16871	9.01789	9.25446	9.51259	0.35377	0.80917	1.09451	0.35458	0.73549	1.00785	0.44106	0.99477	1.44288	8.98346	9.08012	9.15258	0.4147	0.87879	1.12718	0.3931	0.78258	0.98353	0.59794	1.16522	1.52313
15585	9.13158	9.16307	9.20295	1.16091	1.20598	1.24009	0.99261	1.0316	1.0643	0.91728	0.98994	1.05073	8.90398	9.05431	9.08322	0.97388	1.12499	1.17457	0.8087	0.95997	1.00005	0.66424	1.01212	1.08815
24408	10.07193	10.46915	10.65376	-3.97403	-0.1097	0.34394	-3.82877	-0.08534	0.36582	1.19799	1.5686	1.8353	9.76622	9.89163	9.99928	-2.10116	-0.6429	-0.18407	-1.98765	-0.60141	-0.16362	0.6497	1.02543	1.35652
21226	9.29496	9.63901	9.84268	0.32593	1.3155	1.68855	0.33199	1.15298	1.55162	0.56918	1.72936	2.52972	9.42168	9.46417	9.51798	0.68595	1.01977	1.41374	0.66962	0.97301	1.30537	1.18093	1.63247	2.17068
23053	9.88642	9.89602	10.01585	1.72351	1.94777	1.95953	1.58588	1.77175	1.78342	0.89326	1.23118	1.26043	9.97929	9.99122	10.00865	1.675	1.83878	1.89144	1.63762	1.74483	1.78274	1.16727	1.35598	1.42499
11425	8.84568	8.91874	9.33574	0.52361	0.58115	0.85898	0.46492	0.50685	0.94732	0.33654	0.39831	1.62407	8.90132	8.93962	8.96997	0.81613	0.969	1.03904	0.70358	0.81762	0.8715	1.10088	1.36447	1.48618
19508	11.35067	11.357	11.39354	-21.73129	-20.78918	-14.35733	-21.5194	-20.58598	-14.18716	2.63276	2.65864	2.87723	10.76324	10.76716	10.77103	-14.81635	-13.02163	-10.14558	-14.61171	-12.83853	-9.99969	1.51794	1.53269	1.5474
22312	8.81661	9.01309	9.15088	0.60105	0.75479	0.92045	0.52827	0.66249	0.80635	0.52553	0.74187	0.97735	8.74707	8.85816	8.93816	0.48013	0.67107	0.83806	0.42937	0.57282	0.71031	0.47915	0.69385	0.9271
23817	9.43102	9.48683	9.54425	1.29576	1.49724	1.55646	1.21682	1.33401	1.38657	1.23392	1.53026	1.63408	8.95996	9.02869	9.11141	0.63244	0.77684	0.95473	0.58576	0.70173	0.83429	0.31061	0.47687	0.74978
3707	9.42034	9.5127	9.57329	1.07172	1.32047	1.45939	1.02084	1.22173	1.32655	1.14626	1.47622	1.67702	9.13423	9.20532	9.28844	0.72269	0.951	1.15179	0.68621	0.87519	1.04615	0.67816	0.95936	1.26354
24066	9.20722	9.26919	9.30771	0.75863	0.8804	1.04477	0.7148	0.81994	0.94468	0.7117	0.85428	1.04416	8.50446	8.56409	8.64893	0.44657	0.56276	0.64916	0.34407	0.41159	0.49612	0.16469	0.29274	0.43196
9372	8.61349	8.72734	8.98002	0.37935	0.50683	0.63488	0.31026	0.40832	0.53393	0.32994	0.4742	0.6976	8.76543	8.84028	8.92342	0.25881	0.44058	0.65554	0.23183	0.39064	0.56162	0.40391	0.61956	0.87403
2784	9.28598	9.47053	9.53863	0.90055	1.51034	1.58627	0.84091	1.34014	1.41391	0.40857	1.48979	1.62784	9.29917	9.32764	9.35205	1.30272	1.38414	1.42592	1.17141	1.22386	1.25646	1.29779	1.41333	1.48738
13903	9.39936	9.53972	9.6837	0.52855	1.17405	1.38622	0.52639	1.10605	1.28558	0.90427	1.6413	1.96379	9.34799	9.45591	9.51801	0.4991	1.03274	1.36693	0.55158	0.99847	1.27783	0.98001	1.59284	2.02493
22833	9.72292	9.96649	10.14337	0.30496	1.09691	1.68043	0.40809	1.07135	1.6101	0.73615	1.49801	2.33615	9.75229	9.79715	9.83457	0.98668	1.30542	1.59299	0.97606	1.26939	1.51597	1.50986	1.91071	2.27407
274	9.81122	9.82573	10.02673	1.42805	1.86	1.88045	1.4279	1.68879	1.70679	1.254	1.57606	1.62196	9.92845	9.95123	10.00216	1.44809	1.73719	1.86491	1.41419	1.65775	1.74793	1.29453	1.73103	1.8951
17376	9.99021	9.99801	10.19966	1.5501	2.04968	2.05749	1.51765	1.8728	1.88033	0.55858	1.32451	1.34325	10.0979	10.10479	10.11331	1.63943	2.1989	2.20809	1.647	2.02338	2.03157	1.15376	1.83206	1.84983
22059	11.00314	11.33102	11.3555	-7.05952	-5.20898	-3.35999	-6.92175	-5.01694	-3.23219	1.1781	2.72688	2.77174	10.53419	10.55164	10.56832	-12.54421	-8.45877	-5.16702	-12.35237	-8.32315	-5.0755	-0.12372	-0.06785	0.00585
3631	9.2089	9.28426	9.34658	1.188	1.28084	1.35373	1.03793	1.1237	1.19102	0.94592	1.10366	1.22494	9.13285	9.18396	9.22156	0.97204	1.10145	1.21134	0.88854	0.98417	1.06434	0.77729	0.96168	1.12271
513	10.11114	11.14314	11.24105	-2.41582	-1.51857	1.39699	-2.21191	-1.39121	1.36885	1.46293	1.83698	2.6353	10.01737	10.04892	10.09172	1.17496	1.31691	1.49502	1.17079	1.3004	1.4741	1.57358	1.7771	2.11373
24348	11.00369	11.01686	11.06707	-21.67338	-18.70161	-8.16208	-21.46167	-18.51073	-8.05199	0.14006	0.25914	0.39246	-99.99 -99.99 -99.99 -99.99 -99.99 -99.99 -99.99 -99.99 -99.99 -99.99 -99.99 -99.99
9026	10.72526	11.30961	11.41753	-4.30445	-2.79727	-1.75973	-4.15135	-2.638	-1.61879	0.35758	1.69802	2.01214	10.17712	10.31883	10.443	-6.22946	-3.61426	-2.33761	-6.049	-3.4536	-2.18994	-0.81513	0.00019	0.00592
1886	10.38998	11.20535	11.24837	-2.41002	-1.76791	0.91677	-2.2035	-1.57461	0.92971	1.34773	2.67069	2.80396	10.0708	10.11005	10.16584	0.76008	1.0169	1.15809	0.86502	1.01886	1.1509	1.41146	1.59277	1.82268
2921	10.17858	11.33277	11.36889	-2.40625	-1.8921	1.83618	-2.19855	-1.69688	1.76829	2.27576	2.69985	2.79434	10.24437	10.26117	10.28538	0.89281	1.00825	1.0732	0.90777	1.02059	1.08243	1.39268	1.49025	1.64365
23491	10.03383	10.09629	10.22644	-14.41547	-9.47011	-5.05051	-14.24191	-9.34082	-4.97511	0.01318	0.09394	0.20752	9.65189	9.69702	9.85066	-19.73769	-13.62064	-7.60537	-19.54576	-13.4856	-7.52222	-0.81757	-0.58716	0.02736
7603	9.08665	9.18782	9.26789	1.00178	1.15584	1.25668	0.88198	1.00599	1.09684	0.90538	1.1363	1.32133	8.85204	8.91265	9.04887	0.75677	0.89755	0.97438	0.66925	0.75505	0.82487	0.65827	0.81678	0.95701
3653	8.86029	9.01512	9.1701	0.80083	0.94856	1.14789	0.67499	0.80262	0.99399	0.37512	0.69461	1.06093	9.05212	9.10178	9.14947	0.81261	0.96117	1.08623	0.74901	0.86026	0.94426	0.763	0.93676	1.09341
407	9.63314	9.75112	10.13286	-9.44768	-4.67449	-2.9144	-9.31181	-4.54344	-2.80897	-0.11407	0.09009	0.47002	9.33218	9.44977	9.65168	-16.06997	-9.60783	-5.08112	-15.88233	-9.47924	-5.01571	-1.16812	-0.80434	0.06557
13995	8.53202	8.54623	8.88537	0.57724	0.59343	0.65138	0.40615	0.41958	0.56261	0.26214	0.29918	0.39906	8.68314	8.8055	8.93745	0.68667	0.78056	0.9972	0.57243	0.61218	0.83751	0.67782	0.7755	1.20981
16048	10.14305	10.27869	10.97313	-1.85692	1.09356	1.72973	-1.69889	1.09928	1.72615	0.99297	1.41374	2.2546	9.97746	10.00754	10.07045	0.24446	0.56181	0.95848	0.43551	0.67016	0.98327	1.10949	1.18169	1.37406
2068	8.80842	8.89418	8.98346	0.41143	0.49296	0.59625	0.36816	0.43253	0.51553	0.26147	0.36077	0.53025	8.86622	8.91476	8.96322	0.36464	0.60048	0.86561	0.33626	0.55276	0.74364	0.49237	0.90659	1.28541
18130	10.51029	10.52253	10.70938	-11.39602	-9.01465	-4.82664	-11.19768	-8.84889	-4.72859	-0.41653	-0.38519	0.00436	-99.99 -99.99 -99.99 -99.99 -99.99 -99.99 -99.99 -99.99 -99.99 -99.99 -99.99 -99.99
3336	9.19282	9.26791	9.40629	0.46002	0.67538	0.93281	0.44724	0.64045	0.85291	0.45364	0.76204	1.13562	9.29787	9.3418	9.39002	0.12427	0.48275	0.76587	0.12727	0.47372	0.73485	0.3032	0.82875	1.20538
58	10.18333	10.31142	11.36302	0.15686	1.44489	1.5223	0.24814	1.42716	1.49118	0.64763	0.91758	2.22246	10.07326	10.12262	10.17995	1.18349	1.49694	2.02837	1.19067	1.47631	1.9062	0.90827	1.25071	2.0168
14650	8.83893	9.18855	9.31982	0.66138	1.16471	1.30938	0.53683	1.01322	1.14949	0.85613	1.65829	1.91305	8.91646	8.97387	9.03723	0.1356	0.47496	0.74811	0.13233	0.44191	0.66181	0.30778	0.82844	1.15539
13890	9.24399	9.29821	9.35794	0.66962	0.75572	0.82309	0.63682	0.71314	0.76884	1.10453	1.20557	1.29448	9.23604	9.28164	9.3318	0.96479	1.17305	1.2942	0.90823	1.06411	1.13954	1.86904	2.11066	2.25514
8067	10.75692	11.09715	11.10294	-13.58772	-9.27413	-2.25606	-13.39374	-9.13577	-2.12606	1.15008	1.21304	1.23264	-99.99 -99.99 -99.99 -99.99 -99.99 -99.99 -99.99 -99.99 -99.99 -99.99 -99.99 -99.99
19136	9.68878	9.70353	9.84468	1.40401	1.74594	1.7624	1.34952	1.57202	1.58697	0.76075	1.24514	1.28132	9.8034	9.81342	9.89546	1.1924	1.89496	1.91235	1.17502	1.72377	1.73736	0.93457	1.78092	1.81236
20539	9.38717	9.62398	9.75995	0.82421	1.45169	1.74452	0.82322	1.2811	1.58715	0.47446	1.25108	1.82369	9.44965	9.48689	9.52327	1.06228	1.24314	1.38063	1.01615	1.16617	1.27014	0.90933	1.17918	1.37042
25373	9.39777	9.43335	9.7036	0.90261	1.43902	1.6467	0.87732	1.2723	1.48801	0.56826	1.32046	1.77742	9.49788	9.52909	9.59179	0.84751	1.36902	1.51259	0.83111	1.27651	1.37495	0.78025	1.52225	1.70429
18375	9.16105	9.23557	9.27946	1.11714	1.20457	1.2749	0.99201	1.05908	1.11532	1.01532	1.16181	1.26733	8.80071	8.89997	9.03886	0.69479	0.97262	1.12056	0.57879	0.80723	0.95104	0.41964	0.89063	1.10014
15967	10.50452	10.77049	11.46141	-1.63185	1.05469	1.37383	-1.45718	1.09804	1.36974	1.56378	1.83633	3.25117	10.31992	10.33399	10.36394	-0.22974	0.83253	0.89049	-0.15452	0.86414	0.92013	1.39147	1.50936	1.57074
24814	9.19083	9.37648	9.53646	0.92983	1.21236	1.59201	0.86085	1.04746	1.41701	0.39255	0.8659	1.65069	9.25825	9.30294	9.33361	0.9626	1.05668	1.38563	0.904	0.97291	1.21853	0.74421	0.86089	1.42727
18572	8.78028	9.16348	9.261	0.67495	1.05414	1.21646	0.54214	0.93153	1.06663	0.46099	1.22223	1.48566	8.78704	8.85341	8.96024	0.46903	0.69215	0.83884	0.42353	0.59874	0.69413	0.44702	0.71432	0.88988
23844	9.35135	9.51018	9.60741	0.94753	1.02237	1.39945	0.92099	0.97778	1.23003	0.29766	0.3995	0.96193	9.43878	9.45108	9.46311	1.42795	1.50356	1.53926	1.30141	1.34514	1.36767	1.287	1.38019	1.43096
24785	8.78115	8.89199	8.97577	0.70058	0.87352	0.96114	0.56971	0.72151	0.80212	0.22098	0.65461	0.84958	8.92577	8.96798	9.00105	0.72056	0.89139	1.01123	0.64665	0.77674	0.85544	0.64261	0.9192	1.08314
23451	9.2326	9.35749	9.52745	0.44416	0.68595	0.80595	0.44423	0.65391	0.76351	0.05976	0.32535	0.742	9.23912	9.29549	9.35696	0.46723	0.67004	1.1074	0.46109	0.64235	1.0088	0.25974	0.56146	1.25319
14288	9.11328	9.16131	9.27873	1.12149	1.18847	1.23258	0.9731	1.02592	1.07737	0.72626	0.82729	0.91837	8.96122	9.03038	9.11401	0.94461	1.04584	1.15458	0.84768	0.88598	1.00816	0.60867	0.68982	0.90119
17422	9.22519	9.27759	9.34729	1.24384	1.30423	1.35655	1.0932	1.1404	1.19556	0.69567	0.77863	0.87408	9.11501	9.17289	9.22266	1.15451	1.23404	1.28584	1.00499	1.07225	1.11693	0.66797	0.7893	0.87494
6401	11.02258	11.09213	11.35898	-12.66102	-8.28162	-4.11929	-12.48162	-8.15333	-4.05579	0.171	2.1813	2.21667	-99.99 -99.99 -99.99 -99.99 -99.99 -99.99 -99.99 -99.99 -99.99 -99.99 -99.99 -99.99
300	9.92297	10.26023	11.23679	-2.04693	1.36366	1.91268	-1.8542	1.34492	1.75953	0.715	1.81902	2.17469	10.07929	10.10971	10.16604	1.29278	1.61594	1.70494	1.27902	1.57804	1.65267	1.37384	1.88187	1.9857
21379	9.62494	9.65338	9.68076	1.70171	1.73997	1.78757	1.52785	1.5654	1.61419	1.02035	1.08043	1.15042	9.23228	9.45302	9.46338	1.31046	1.54999	1.56487	1.14331	1.37636	1.38895	0.29883	0.8618	0.88471
19202	9.16907	9.27398	9.46039	0.4058	0.709	1.00299	0.39691	0.66886	0.93505	0.60764	1.03413	1.51411	9.24062	9.28856	9.34555	0.22129	0.52035	0.8803	0.22126	0.50423	0.8353	0.61477	1.00935	1.48578
15924	9.64533	9.75396	9.79994	1.18829	1.82365	2.22345	1.16674	1.64541	1.77166	0.64542	1.58627	2.19801	9.43677	9.44677	9.45518	1.5307	1.54596	1.55858	1.35875	1.37042	1.38276	1.2004	1.22693	1.25298
12997	9.61568	9.63622	9.65687	1.66045	1.6924	1.71874	1.48412	1.5157	1.5419	1.44814	1.51029	1.56057	9.3035	9.32023	9.44102	1.37499	1.40297	1.52227	1.21332	1.22797	1.34989	1.02004	1.05794	1.3715
17185	9.33209	9.60989	9.6756	0.212	0.3524	0.48056	0.22493	0.35427	0.48549	0.41702	0.5629	0.75576	9.23116	9.27235	9.30003	0.44097	0.57818	0.71231	0.43214	0.55684	0.67936	0.72996	0.90945	1.08434
15122	10.04754	10.0588	10.42406	1.45707	1.55405	1.56886	1.45287	1.50947	1.52158	1.24492	1.28584	1.30527	9.97065	10.04521	10.06335	1.85643	2.05758	2.11074	1.80083	1.92708	1.98146	2.10606	2.33064	2.40211
344	9.00764	9.15664	9.28614	0.88745	1.04133	1.24378	0.7897	0.8961	1.09445	0.37848	0.62241	1.04992	9.21841	9.2561	9.30066	0.85771	1.03488	1.17397	0.81274	0.95452	1.05471	0.70774	0.92949	1.10125
8402	9.96422	10.00458	10.98763	-1.8864	1.35946	1.4011	-1.70711	1.32528	1.36181	1.35892	1.41381	2.08181	9.8724	9.91192	9.95059	1.10874	1.6195	1.77668	1.21338	1.55537	1.67283	1.71544	2.10209	2.32678
3451	8.67928	8.74406	8.80353	0.56654	0.73138	0.80821	0.4357	0.57717	0.64051	0.28097	0.62093	0.76881	8.78349	8.82405	8.86252	0.64553	0.80994	0.8925	0.55442	0.67295	0.72913	0.73295	0.97362	1.09306
25248	9.38592	9.51619	9.5922	0.42102	0.58041	0.80958	0.41988	0.56988	0.77313	0.27078	0.45343	0.77504	9.30076	9.33829	9.37605	0.80563	1.04044	1.27087	0.77161	0.97118	1.15694	1.06879	1.42528	1.80064
8976	8.96581	9.01626	9.21712	0.97603	1.055	1.23392	0.81758	0.88397	1.07329	0.77348	0.93383	1.27634	8.98987	9.03304	9.07195	0.72446	0.91107	1.05775	0.65805	0.8088	0.91183	0.61583	0.90166	1.10236
18732	9.48142	9.54712	10.1743	-2.28121	0.52706	0.84255	-2.06842	0.53056	0.80059	0.31285	0.59358	1.10746	9.4183	9.46099	9.50887	0.77727	1.05267	1.26818	0.78565	1.01646	1.20151	1.29831	1.65863	1.94436
4376	11.30118	11.62322	12.20681	-3.66754	-1.4206	1.85216	-3.52397	-1.22267	1.88998	1.65416	2.47592	3.52183	11.06434	11.07268	11.12493	-1.47401	0.35866	0.4452	-1.36749	0.41769	0.50099	0.99434	1.06748	1.11593
10056	10.03726	10.59814	10.67048	-3.63446	-2.08178	-0.45717	-3.45222	-1.93032	-0.36753	1.2903	2.15815	2.40928	9.57842	9.64832	9.70179	-1.51919	-0.66817	-0.155	-1.3424	-0.5682	-0.10711	0.59932	1.09976	1.35635
24336	9.41274	9.51876	9.72171	-2.17983	-0.70727	-0.06153	-2.09548	-0.67917	-0.03629	0.0584	0.33487	0.85702	9.20387	9.30227	9.38097	-2.23402	-1.09831	-0.74419	-2.13858	-1.0717	-0.72599	0.00655	0.09605	0.35526
2149	8.91696	9.06305	9.18987	0.56502	0.9011	1.09321	0.53618	0.76156	0.92787	0.23526	0.6851	1.04814	9.08147	9.12388	9.16823	0.64923	0.92192	1.10334	0.60861	0.83802	0.9646	0.57644	1.01351	1.25437
744	10.01951	10.03628	10.2247	1.36516	1.45232	1.49661	1.34626	1.41446	1.45318	0.79622	0.8689	0.92503	9.94883	9.98985	10.04837	1.30215	1.72302	1.8868	1.28116	1.65198	1.77124	0.90695	1.55462	1.77723
3432	8.78709	8.95192	9.24164	0.45459	0.86243	1.2112	0.40976	0.7138	1.05329	0.49277	1.06267	1.73904	8.91484	8.96935	9.03742	0.37486	0.71034	0.94178	0.37105	0.64454	0.8063	0.67709	1.09361	1.3992
11156	9.43504	9.49933	9.57795	1.03959	1.51272	1.57827	0.98651	1.34692	1.41251	1.07902	1.6836	1.80254	9.10118	9.17569	9.22363	0.89481	1.14656	1.25848	0.80833	1.01582	1.09994	0.75176	1.19701	1.36284
24779	11.47017	11.52297	11.66406	-9.12852	-5.24291	-1.07966	-9.00851	-5.06047	-0.92081	1.0729	1.92867	2.47386	10.93305	10.94305	11.00039	-12.70442	-9.50798	-5.68225	-12.516	-9.35944	-5.58142	-0.24314	-0.21005	0.00183
23720	9.08516	9.24601	9.35527	0.69399	1.05434	1.26729	0.6068	0.94958	1.12792	0.83734	1.48055	1.81362	9.00961	9.05699	9.1092	0.37057	0.6929	0.95805	0.3514	0.64409	0.85035	0.55007	1.0668	1.43277
7219	10.90595	10.93256	11.06579	-9.30083	-5.66849	-3.50881	-9.13835	-5.55919	-3.43059	0.20413	0.29127	0.57845	10.50537	10.53327	10.54443	-11.23833	-7.78242	-4.50975	-11.04845	-7.63311	-4.389	-0.35891	-0.17202	0.00081
570	9.13015	9.18351	9.24315	1.15951	1.2226	1.28531	1.00133	1.05924	1.12119	1.11047	1.21065	1.31237	8.7289	8.77621	8.93208	0.6607	0.77807	0.98591	0.56653	0.62647	0.82081	0.34193	0.45288	0.91684
22632	9.12729	9.30582	9.43147	0.41904	0.75974	1.05412	0.39931	0.71509	0.97667	0.53049	0.98602	1.41651	9.03395	9.12108	9.17216	0.31204	0.78293	1.10243	0.29635	0.71944	0.97898	0.50916	1.09417	1.52553
23441	10.79077	11.36943	11.41295	-6.87292	-2.07677	-1.3186	-6.70536	-1.88622	-1.14627	0.74863	2.9542	3.09725	10.15358	10.16836	10.19635	-0.58692	-0.43061	-0.3071	-0.52539	-0.37307	-0.25101	0.22041	0.30386	0.43507
15959	9.44959	9.61698	9.65849	1.05495	1.09632	1.40724	1.01665	1.05361	1.26181	0.6376	0.70125	1.13378	9.55447	9.56902	9.59506	1.26241	1.61539	1.65763	1.20162	1.46146	1.48688	1.25207	1.77107	1.8309
13086	8.74754	8.97198	9.24192	0.72582	0.78517	0.93396	0.58626	0.66304	0.85765	0.29669	0.47516	0.84746	9.00311	9.06863	9.11651	0.70892	0.81065	0.8943	0.68605	0.74978	0.82557	0.65399	0.75964	0.86235
4187	9.49211	9.91385	9.94874	1.48901	1.9468	1.99819	1.35666	1.77608	1.82355	0.5682	1.45225	1.5355	9.58531	9.63919	9.75491	1.43371	1.65656	1.7712	1.35739	1.49274	1.6132	0.74548	0.98899	1.28532
25246	10.01904	10.60237	11.60502	-2.19048	1.33915	2.0542	-1.98039	1.33495	1.88452	1.11208	1.44302	2.30998	10.33599	10.48953	10.52037	1.25118	1.42888	2.29712	1.24779	1.42541	2.1716	0.76492	1.27683	2.36998
12216	9.57757	9.61976	9.76476	1.03999	1.08942	1.30378	1.00205	1.0466	1.17353	0.81053	0.88121	1.25406	9.53825	9.5589	9.59172	1.26927	1.46716	1.62803	1.20489	1.35357	1.46378	1.49204	1.77546	2.0303
23316	10.95823	11.02893	11.07694	-2.86221	-2.26082	-1.38985	-2.66114	-2.08326	-1.23604	2.22109	2.43549	2.56447	9.8705	9.90449	9.9451	-5.36678	-3.04044	-1.8865	-5.19181	-2.9091	-1.79458	-0.27387	-0.04575	0.34784
13601	11.29096	11.6471	12.27486	-0.76604	1.46857	2.26284	-0.64578	1.57443	2.27353	1.64687	2.08503	3.39343	11.0496	11.07616	11.22898	0.82442	1.46159	1.66948	0.93162	1.55102	1.69738	1.27313	1.51031	1.59604
13400	9.6265	9.68012	9.6985	1.26866	1.73695	1.75563	1.18087	1.56021	1.57885	0.55781	1.39786	1.43359	9.35922	9.4966	9.54306	1.451	1.58922	1.63988	1.27689	1.41335	1.4633	0.9563	1.3	1.37162
1848	10.66466	11.21478	11.91988	-1.88856	-0.20254	1.85371	-1.67873	-0.1627	1.84665	1.36478	1.5532	3.05824	10.61011	10.63701	10.73647	1.50241	2.13754	2.46606	1.499	2.08759	2.37352	1.24254	2.1922	2.80854
21772	10.76647	10.86124	10.92949	-10.13634	-5.72433	-3.75828	-10.00177	-5.62066	-3.68534	-0.15404	0.00105	0.42032	10.54209	10.54602	10.55267	-11.43631	-9.97548	-8.0168	-11.23027	-9.78472	-7.86551	-0.01359	0.00607	0.02322
26755	11.44549	12.16076	12.17298	-2.92504	-1.87458	2.07299	-2.77289	-1.66755	2.07056	0.98987	2.74749	2.78837	11.06926	11.07273	11.15518	-2.53199	-1.17299	-0.91381	-2.43854	-1.1147	-0.85897	-0.35287	-0.32101	0.00113
17245	10.85254	11.54683	11.56649	-5.53847	-2.05907	-1.36243	-5.42454	-1.8567	-1.18498	1.57142	3.48834	3.54423	10.37518	10.40348	10.43057	-4.23206	0.484	0.56437	-4.07499	0.50122	0.58027	0.76319	0.94262	1.0606
22834	11.04875	11.38968	11.40762	-5.58478	-4.46108	-2.69721	-5.39142	-4.29844	-2.57102	0.83767	2.00594	2.03747	10.53542	10.5536	10.56768	-7.80067	-5.17909	-3.38586	-7.6046	-5.03303	-3.28405	-0.50553	-0.36684	0.00943
3412	9.28265	9.37205	9.58876	0.57246	1.00246	1.32292	0.55233	0.92542	1.20031	0.70109	1.38926	1.93304	9.36043	9.41757	9.48488	0.62194	1.12628	1.43372	0.60612	1.06069	1.30285	1.10243	1.80027	2.21965
24257	9.39211	9.58878	9.74013	0.88905	1.21955	1.69806	0.86505	1.08329	1.52813	0.32775	0.6927	1.63001	9.49844	9.51843	9.57693	0.76655	1.3317	1.42963	0.77579	1.24377	1.31499	0.49054	1.23865	1.36691
3683	10.23165	10.48236	11.58506	-0.98159	1.84198	1.94444	-0.77495	1.78516	1.86398	1.48113	1.62994	3.34742	10.17886	10.21434	10.39574	1.41493	1.96551	2.11715	1.41497	1.92679	2.02021	1.62544	2.12746	2.33578
16049	10.30224	10.30753	10.31671	1.79568	1.81246	1.82461	1.74312	1.76375	1.77291	1.22863	1.24545	1.26433	10.20433	10.21153	10.21757	2.01152	2.02315	2.0373	1.92813	1.93804	1.95212	1.89712	1.9165	1.94002
12588	9.06709	9.09791	9.1343	0.93585	1.12438	1.16215	0.77306	0.95755	0.99105	0.79635	1.20516	1.2983	9.16856	9.19344	9.22064	1.06543	1.20151	1.27769	0.96651	1.06	1.11011	1.40053	1.60387	1.71742
4644	9.91826	10.63722	10.74249	-3.46147	-1.94685	0.2859	-3.28861	-1.80601	0.29525	0.87464	2.41085	2.75493	9.55915	9.62146	9.68192	-0.59562	-0.32455	-0.03295	-0.56468	-0.29749	-0.01179	0.28371	0.62008	1.09862
1695	9.03446	9.19685	9.38737	0.54487	1.01144	1.27619	0.51169	0.88147	1.13286	0.32669	0.82046	1.30575	9.07094	9.132	9.20112	0.49973	1.10824	1.23063	0.47486	0.9705	1.06606	0.422	1.20411	1.38518
25341	8.84158	8.96499	9.27114	0.67472	0.83073	1.08331	0.59103	0.68393	0.97433	0.46207	0.63882	1.24367	9.0718	9.12157	9.17002	0.51079	0.75771	0.96919	0.48489	0.70325	0.867	0.51062	0.91346	1.18755
1918	10.35425	10.9615	11.82856	-1.58985	1.34198	2.02312	-1.50743	1.39267	1.95109	2.07688	2.22926	3.73129	10.1643	10.32175	10.38754	2.13373	2.27302	2.51343	2.05595	2.11326	2.36564	2.70391	2.84826	3.38634
22279	10.8234	11.43559	11.47525	-5.42946	-2.47384	-1.83108	-5.3194	-2.27888	-1.6523	0.32997	2.3864	2.51885	10.28994	10.30382	10.32066	-6.60948	-4.81301	-2.93893	-6.41348	-4.65964	-2.82933	-0.42511	-0.36969	-0.30144
19633	9.86092	10.06211	10.09011	1.50332	1.5662	1.9141	1.45383	1.51937	1.73981	1.05933	1.11866	1.64968	9.98746	10.00192	10.05299	1.91613	2.04611	2.11482	1.80757	1.88904	1.94662	1.98541	2.16417	2.29479
22385	10.31511	10.33728	11.09516	1.17683	1.3294	1.56753	1.25852	1.33851	1.54216	0.85323	0.94195	1.76972	10.18599	10.2159	10.23796	1.46311	1.59738	1.75448	1.44731	1.58157	1.72991	1.30287	1.53446	1.81612
14637	10.05146	10.25146	10.69923	1.56854	1.75913	2.10785	1.54196	1.69751	1.93245	0.98298	1.6656	1.72288	10.16716	10.17848	10.24889	1.77044	2.01771	2.07694	1.72807	1.92449	1.96708	1.57262	1.89977	1.97529
17064	10.6311	10.97214	10.99356	-12.56161	-7.84521	-3.81913	-12.37879	-7.72295	-3.72074	0.08924	1.96044	2.00608	9.9639	9.97823	10.13089	-14.09247	-10.17674	-6.35148	-13.89811	-10.01689	-6.24892	-0.85684	-0.81028	0.00123
8154	10.95995	11.14033	11.17573	-5.98142	-4.88818	-3.28393	-5.77535	-4.7258	-3.14807	1.44237	2.26925	2.32691	10.34422	10.36301	10.38346	-7.23718	-4.80757	-3.27626	-7.06065	-4.67837	-3.17792	-0.00569	0.00834	0.03494
18443	9.13456	9.15832	9.25838	0.72217	1.12457	1.19145	0.68126	0.97524	1.02105	0.38309	0.97583	1.08145	9.21853	9.24894	9.29329	0.91967	1.17119	1.28489	0.86341	1.05364	1.12968	0.98608	1.33851	1.4963
9380	10.0178	10.46571	11.08759	-2.76938	1.15239	1.37565	-2.62879	1.15124	1.32862	1.39022	1.90916	3.56617	9.84942	9.88555	9.94076	0.95188	1.1797	1.42377	1.0627	1.17731	1.39441	2.0242	2.21261	2.64407
13249	9.9282	10.00417	10.93076	-1.41174	1.19148	2.46254	-1.25729	1.19102	2.40939	1.48166	1.55477	3.63378	9.82586	9.86657	9.93835	0.60602	1.17305	1.56304	0.79905	1.26914	1.62401	1.60399	1.99485	2.42816
25120	10.96272	11.11141	11.70605	-4.20215	-1.78089	1.32835	-4.11757	-1.60591	1.33733	1.31658	1.84419	3.53262	10.49219	10.52125	10.57933	-2.84608	1.03136	1.09807	-2.66714	1.03626	1.10154	0.45795	1.27606	1.50901
25794	10.07567	10.50881	10.67145	-5.7926	-2.47272	0.64988	-5.62552	-2.34146	0.66489	1.00532	1.33201	1.65281	9.61426	9.67987	9.74878	-4.6044	-2.82565	-1.15297	-4.42661	-2.69013	-1.09417	0.08167	0.24357	0.45968
23851	8.8365	8.99316	9.44864	0.83491	0.9964	1.16382	0.6832	0.84115	1.08365	0.88704	1.17326	1.39655	8.7533	8.82584	8.8683	0.63671	0.80076	0.90949	0.5405	0.66495	0.74708	0.67624	0.96103	1.1431
18661	10.63113	11.12895	11.21562	-7.40398	-4.62777	-2.89432	-7.25805	-4.47144	-2.79315	0.46579	2.27066	2.44041	10.18231	10.19624	10.24109	-9.42298	-6.20919	-3.70981	-9.23688	-6.05386	-3.60438	-0.48824	-0.42939	0.0056
23250	10.05451	10.39474	10.59246	-8.42791	-4.51316	-2.65906	-8.26003	-4.3826	-2.56843	0.23141	1.72821	2.11073	9.59523	9.64467	9.76412	-9.15981	-5.5918	-3.42741	-8.99832	-5.45495	-3.33568	-0.21893	0.02465	0.12093
9871	9.35584	9.53555	9.57732	1.00354	1.0704	1.27716	0.95479	1.01956	1.18421	0.62426	0.68995	1.08535	9.44645	9.46971	9.48455	1.242	1.53201	1.56976	1.15871	1.37405	1.39778	1.21139	1.69273	1.7499
5068	10.16715	10.27662	10.4786	-8.33777	-4.83565	-2.7477	-8.19922	-4.71334	-2.6598	0.4687	0.85144	1.95641	9.81026	9.8757	9.95955	-12.41772	-7.89707	-4.41634	-12.25058	-7.75405	-4.34041	0.00388	0.07692	0.22049
533	8.86527	9.06842	9.23537	0.72752	0.91179	1.09442	0.62386	0.80158	0.96287	0.47388	0.84864	1.1433	9.00225	9.07709	9.13653	0.66902	0.90835	1.06771	0.62359	0.81025	0.93349	0.70381	0.99353	1.22257
15988	9.56872	9.59446	9.63009	1.18886	1.61991	1.65122	1.14344	1.45025	1.47843	1.04429	1.57665	1.6464	9.62389	9.66589	9.69555	1.19425	1.51093	1.67257	1.26216	1.42842	1.53925	1.40365	1.71088	1.93651
4216	11.53726	12.08089	12.12454	-3.14942	2.24075	2.55272	-2.97526	2.25233	2.5512	1.80335	2.73435	3.10116	11.32029	11.32613	11.33789	-0.68076	1.08358	1.12037	-0.5906	1.12343	1.1588	1.15897	1.21256	1.24197
2046	9.85468	9.89264	10.08548	1.3349	1.67283	1.86929	1.31008	1.57547	1.71002	0.71531	1.21059	1.464	9.94188	9.97233	9.99885	1.32616	1.60715	1.67218	1.36959	1.56086	1.61806	1.08752	1.41226	1.49183
22173	9.82945	9.94409	10.03343	2.02559	2.1821	2.41918	1.84766	1.87176	1.90516	0.9566	1.5204	1.54272	9.88332	9.96709	10.4361	2.07889	2.19064	3.36025	1.90123	1.94665	2.40899	1.45354	1.73653	4.01689
25037	10.7568	11.52397	11.58331	-1.79043	-0.99583	1.84633	-1.5895	-0.80129	1.93268	3.44248	3.6484	3.80046	10.16792	10.20103	10.26425	1.21837	1.30256	1.35865	1.21069	1.29174	1.3472	1.55769	1.64341	1.76753
24389	8.89811	8.99815	9.13001	0.90012	0.99432	1.13887	0.74375	0.83202	0.9738	0.73191	0.93436	1.18938	8.90579	8.96144	9.0005	0.67937	0.86641	1.00904	0.6076	0.74916	0.8567	0.56423	0.86352	1.10396
24316	10.25614	10.40627	10.49822	1.52806	1.5955	1.84693	1.51546	1.57994	1.792	0.94893	1.01408	1.50139	10.2806	10.35529	10.3864	1.46685	1.68914	1.78917	1.54221	1.67116	1.75825	1.35192	1.47217	1.59864
3811	8.8088	8.94981	9.06941	0.57297	0.81877	0.99688	0.50998	0.6989	0.8574	0.53502	0.92901	1.23957	8.91412	8.96967	9.02619	0.43957	0.80784	0.98425	0.4243	0.71215	0.83485	0.65137	1.09226	1.32964
17474	9.33534	9.55993	9.76498	0.71002	1.16302	1.80427	0.70944	1.00665	1.63211	0.30676	0.78863	2.08488	9.4144	9.42965	9.45037	1.25889	1.41224	1.4984	1.17169	1.27916	1.3314	1.35082	1.56384	1.68507
26092	10.23323	10.5214	11.47199	0.87324	1.68804	2.23803	0.9046	1.67542	2.08061	0.80756	1.22228	1.97503	10.40876	10.42075	10.45317	1.61849	2.08099	2.1181	1.61926	2.02133	2.05167	1.34614	1.73838	1.78567
7988	10.01839	10.87031	11.08625	-2.09528	-0.16943	1.53842	-1.89209	-0.04701	1.45928	1.3652	2.3673	2.63867	9.92468	9.95968	10.00961	0.84981	1.29015	1.45338	0.90349	1.28361	1.42044	1.46138	1.83326	2.02024
4348	10.77573	11.44057	11.47589	-4.72904	-2.75609	1.56346	-4.53413	-2.60607	1.57081	1.8298	2.81122	2.89407	10.63596	10.66033	10.68049	-0.45964	0.63775	0.70377	-0.42212	0.65299	0.71755	1.07295	1.16307	1.23298
15746	9.09046	9.31859	9.60929	0.78989	0.98902	1.12396	0.7465	0.91129	1.03422	0.62482	0.89727	1.09781	8.98142	9.03788	9.12478	0.61613	0.75609	0.90903	0.57219	0.68695	0.80909	0.44394	0.61987	0.82982
1256	11.58899	11.71486	11.72831	-8.85569	-5.46166	-0.96911	-8.73344	-5.36052	-0.92897	0.87585	1.19616	1.76785	11.20247	11.20563	11.20952	-10.51074	-6.60238	-3.97359	-10.33066	-6.47749	-3.88884	-0.06769	-0.0553	-0.04192
17652	9.53498	9.67521	9.6983	1.73899	1.79535	2.02296	1.54392	1.59485	1.65191	1.17174	1.25855	1.5941	9.45242	9.46154	9.46977	1.39045	1.55178	1.56522	1.23197	1.3781	1.38919	0.61624	0.96041	0.98646
24130	11.01717	11.43869	11.4577	-5.83246	-4.77923	-3.20872	-5.62541	-4.60393	-3.07063	0.11421	1.80813	1.8408	10.58181	10.59483	10.66676	-8.50199	-4.99369	-3.47331	-8.31792	-4.85023	-3.35517	-0.84173	-0.80619	0.00056
7183	11.30701	12.28088	12.28644	-1.65734	-1.58878	2.3777	-1.44505	-1.37817	2.36294	2.0516	3.35597	3.37509	11.22098	11.22974	11.23667	1.46642	1.66718	1.68193	1.48983	1.67372	1.68807	1.44407	1.47277	1.49658
79	11.10035	11.6836	12.0131	-3.9088	-0.8222	2.32254	-3.74256	-0.70663	2.31333	1.83452	2.42064	3.07835	11.09627	11.1172	11.12436	-8.99488	-4.72029	0.5413	-8.8095	-4.5889	0.56353	0.3403	0.36051	0.57155
3315	9.18517	9.37928	9.49557	0.96678	1.24635	1.40556	0.89726	1.12419	1.2631	0.90563	1.28519	1.55642	8.95051	9.01382	9.07875	0.4889	0.63774	0.84661	0.45692	0.58173	0.73778	0.31638	0.50286	0.77691
14773	9.37969	9.42539	9.4771	0.92524	1.00245	1.06221	0.88847	0.94853	0.99446	1.10559	1.19699	1.27063	9.38584	9.42041	9.45946	0.98961	1.23681	1.43407	0.94459	1.14926	1.28935	1.54275	1.93361	2.21726
10099	9.86951	9.89201	9.92825	1.36562	1.41351	1.44328	1.32388	1.36397	1.39005	0.95379	1.00926	1.05736	9.78829	9.81385	9.85013	1.5101	1.71409	1.85105	1.4458	1.60462	1.69799	1.44613	1.76825	1.97916
26039	9.61473	9.73448	10.41056	-0.93161	0.59559	1.08609	-0.79108	0.59963	1.03449	0.36197	0.79162	1.51352	9.5169	9.57841	9.6581	0.18242	0.83964	1.40049	0.20757	0.84018	1.32728	0.42839	1.35706	2.04183
26618	10.0021	10.47304	11.00341	-2.317	-0.14699	1.01747	-2.12187	-0.06033	1.02081	1.12415	2.03436	2.90253	9.81802	9.87213	9.9309	0.3087	0.61746	0.99483	0.34781	0.64331	0.98525	0.80799	1.23506	1.74073
24786	9.50729	9.62049	10.82841	1.21538	1.91106	1.98534	1.24432	1.56843	1.60504	1.94494	2.20499	4.56404	9.44836	9.55865	9.73054	1.59624	1.75584	1.89581	1.49044	1.55067	1.56851	2.36881	2.54481	2.65203
26722	10.76328	11.31512	11.36277	-3.5007	-2.35112	-0.91335	-3.31913	-2.15536	-0.77277	2.38859	3.46208	3.6141	10.22624	10.24212	10.253	-8.96682	-4.75044	-2.24905	-8.78872	-4.64877	-2.18159	0.27392	0.37925	0.43235
797	11.28598	11.34462	11.37062	-5.38475	-4.03301	-2.32498	-5.18614	-3.86636	-2.21888	2.43282	2.60002	2.65003	10.46076	10.47261	10.48036	-9.78405	-6.83343	-3.925	-9.59386	-6.68624	-3.83213	-0.10185	0.00017	0.01022
5219	9.77245	9.83607	9.9139	0.74383	1.00859	1.06633	0.88063	0.99615	1.05077	0.75145	0.81469	1.13169	9.73273	9.75342	9.77502	1.31843	1.45581	1.575	1.27513	1.39052	1.48443	1.56288	1.7514	1.91587
26255	9.86533	9.97726	10.01861	1.15903	1.21914	2.0413	1.13897	1.19096	1.86511	0.14273	0.2055	1.55635	9.7734	9.78299	9.81084	1.52981	1.75318	1.81623	1.45654	1.62464	1.6647	0.89395	1.24225	1.32487
18405	8.98931	9.15941	9.28068	0.77596	1.05837	1.20717	0.65335	0.91873	1.06729	0.65911	1.18471	1.45312	9.04968	9.09179	9.12997	0.68239	0.83062	0.98376	0.63338	0.75713	0.87783	0.82765	1.02739	1.24225
17843	9.4719	9.77866	9.82593	1.31004	1.80341	1.86412	1.18275	1.634	1.69248	0.56248	1.48958	1.59508	9.59669	9.61672	9.63643	1.3011	1.51407	1.62843	1.25143	1.40558	1.48527	0.92691	1.20264	1.35094
7649	9.19014	9.21835	9.26114	1.10206	1.2255	1.2733	0.97906	1.06379	1.10411	1.05664	1.22876	1.33089	9.27245	9.29765	9.33171	1.19986	1.32872	1.3839	1.09172	1.17555	1.21634	1.48408	1.65344	1.74403
4589	8.89279	8.96813	9.11161	0.56485	0.7088	0.95407	0.51523	0.62033	0.80864	0.29463	0.47713	0.92672	9.01052	9.04925	9.0967	0.55366	0.81773	1.0199	0.51701	0.73857	0.88665	0.55295	0.97584	1.26759
25295	11.33761	11.74487	11.77473	-7.70924	-4.74518	-2.67959	-7.55309	-4.56623	-2.57101	1.21021	2.68339	2.86518	10.89582	10.90195	10.90612	-10.1831	-5.97287	-3.62987	-10.00763	-5.85903	-3.55236	-0.02868	-0.00303	0.01817
18380	9.57943	9.66935	9.81634	1.38006	1.65463	1.8017	1.33703	1.48306	1.64352	1.48382	1.75277	2.04586	9.61385	9.66363	9.69445	1.25961	1.58516	1.74062	1.20445	1.47065	1.57941	1.38232	1.82258	2.03364
7772	9.55424	9.64175	9.84572	0.87315	0.94217	1.24507	0.85576	0.91829	1.1691	0.80995	0.8884	1.44923	9.55208	9.58814	9.6336	1.12134	1.38027	1.56008	1.08491	1.29674	1.42596	1.48594	1.80955	2.05236
17211	10.90773	11.60725	12.15808	-3.97051	-1.55293	2.2714	-3.83683	-1.36052	2.23604	2.77531	3.52928	4.56943	10.92375	10.94581	11.09301	0.87334	1.62492	1.65187	0.91893	1.62358	1.64936	2.27502	2.3121	2.47746
24497	10.69108	10.9901	11.14582	3.02813	3.05014	3.35268	2.7299	2.86966	2.97955	1.24736	1.58807	1.90218	10.90716	11.92017	12.23083	3.06591	4.28919	4.84295	2.88197	3.86791	4.20374	1.84017	4.9998	5.60419
7195	11.33392	12.01463	12.02061	-1.85932	-1.60857	0.63739	-1.65027	-1.40321	0.66263	1.90159	2.68995	2.70694	10.9831	10.98829	10.99739	-0.34309	1.12578	1.15171	-0.24303	1.15147	1.17724	0.75185	0.85328	0.97182
9884	9.60867	9.64073	9.89824	1.69128	1.79771	1.92934	1.51425	1.61576	1.75306	0.9802	1.10682	1.18817	9.34306	9.37739	9.40609	1.12037	1.45404	1.50359	1.04637	1.28869	1.32814	0.22679	0.66929	0.75549
22371	11.55837	12.15803	12.17606	-2.43228	-1.31132	-0.23679	-2.28868	-1.10893	-0.04816	2.06364	3.19081	3.23898	10.96147	10.96433	10.98355	1.23949	1.28944	1.31349	1.26244	1.31242	1.33635	0.80621	0.89603	0.92667
15704	9.44457	9.47969	9.81089	1.35699	1.48238	1.52346	1.27924	1.32685	1.35811	1.00483	1.12137	1.18866	9.11564	9.34212	9.36104	1.17721	1.42807	1.45622	1.00941	1.25915	1.28182	0.68406	1.16737	1.2174
25	9.20812	9.26753	11.12019	0.84256	1.23845	1.34599	0.84904	1.07967	1.28006	0.97302	1.0933	3.69114	9.19495	9.22339	9.29404	1.2188	1.29131	1.32109	1.08937	1.12697	1.15185	1.45661	1.54138	1.62292
10075	8.93334	9.0206	9.14403	0.24562	0.40878	0.54936	0.22601	0.37617	0.49943	0.18	0.33874	0.61619	8.97703	9.06465	9.17978	-0.07076	0.34517	0.62265	-0.07241	0.34695	0.58002	0.12008	0.49007	0.8197
5845	8.64904	8.73273	8.84532	0.50893	0.61012	0.69901	0.42323	0.48403	0.55416	0.39984	0.49737	0.68275	8.84138	8.92563	9.05988	0.12609	0.66066	0.89629	0.11468	0.58284	0.75427	0.28693	1.02509	1.37778
10413	11.48183	11.58531	12.32967	-1.53602	2.25479	2.3343	-1.33081	2.27502	2.33149	1.53438	1.65583	2.60556	11.31	11.31307	11.44524	-0.51114	1.89622	1.90954	-0.38059	1.9081	1.92089	1.20463	1.21841	1.3457
25465	11.01675	11.10221	11.17408	-19.75941	-10.84893	-3.11105	-19.56357	-10.70265	-2.99915	0.08841	0.23192	1.09381	10.63253	10.65102	10.77655	-8.0195	-4.57991	-3.53741	-7.87676	-4.4737	-3.43944	-0.95688	-0.85662	0.00182
4529	11.38322	11.39716	11.41644	-17.05528	-11.41738	-3.0493	-16.86562	-11.28239	-2.97349	0.1165	0.47497	0.54044	10.88778	10.89652	11.00247	-13.47624	-9.74313	-6.84281	-13.28125	-9.57271	-6.70841	-0.67613	-0.6488	0.00011
8113	9.04243	9.40158	9.49909	0.7762	1.3433	1.48923	0.6977	1.20787	1.33138	0.64078	1.62143	1.85428	9.2026	9.25592	9.30175	0.89106	1.11003	1.29983	0.83238	1.00969	1.15269	1.10168	1.40349	1.66382
26476	9.40963	9.44474	9.65129	1.15644	1.369	1.52071	1.07784	1.23351	1.38997	0.93215	1.20411	1.52725	9.46128	9.51642	9.55935	1.09011	1.26057	1.43002	1.04838	1.18469	1.30865	1.09375	1.29066	1.50086
18146	8.79801	8.89864	9.14699	0.47209	0.58326	1.17785	0.41905	0.49955	1.00944	0.28249	0.3953	1.59338	8.81835	8.88288	8.92284	0.68312	0.91541	0.9858	0.57594	0.76104	0.81722	0.79841	1.26337	1.38818
190	9.53446	9.60383	9.81139	0.65549	0.95606	1.08227	0.65035	0.93197	1.03752	0.45626	0.86127	1.05436	9.60956	9.66881	9.7146	0.45356	0.70447	0.98484	0.46007	0.70083	0.96154	0.47793	0.81121	1.16665
931	9.63737	9.76731	10.41793	-1.74274	0.64065	0.96089	-1.60738	0.64562	0.93036	0.60959	0.87471	1.34325	9.60864	9.67863	9.73695	0.4905	0.81726	1.10077	0.50785	0.81108	1.07435	0.95801	1.37454	1.75094
19176	8.92812	8.96461	8.99416	0.81266	0.96225	1.01126	0.66841	0.80718	0.84118	0.55726	0.87335	0.9548	9.03168	9.05941	9.10285	0.93475	1.10751	1.15112	0.83431	0.94639	0.98145	1.13684	1.37849	1.45951
8540	8.76965	8.89801	8.95328	0.65887	0.81383	0.93641	0.54269	0.68786	0.77218	0.4324	0.76564	0.95335	8.94984	8.99282	9.03444	0.60544	0.80026	0.9682	0.55971	0.71302	0.83002	0.74758	1.00367	1.22112
3458	9.21773	9.23866	9.36873	0.88462	1.25569	1.28745	0.83112	1.08682	1.1126	0.28896	0.84082	0.89715	9.3023	9.32554	9.35156	0.89014	1.26092	1.36327	0.8524	1.14584	1.20844	0.55668	1.13655	1.26741
13312	9.62085	9.87385	9.98201	0.46583	1.31763	1.55077	0.49709	1.27818	1.48746	0.55297	1.79785	2.15237	9.54432	9.63401	9.67908	0.65494	1.21211	1.51245	0.6746	1.16668	1.42026	1.06444	1.71608	2.11137
23685	9.16657	9.40335	9.50114	1.15586	1.38802	1.52378	0.99721	1.22318	1.35504	0.40399	0.92611	1.16879	9.35859	9.40012	9.4573	1.01525	1.19631	1.31198	0.97156	1.11582	1.19624	0.59714	0.84426	0.99085
24720	9.36802	9.42622	9.4665	0.46547	0.5544	0.67702	0.45258	0.5366	0.64827	0.20947	0.31552	0.45588	9.31533	9.40781	9.43145	0.26512	0.38592	0.77626	0.26018	0.37787	0.74616	0.13194	0.28087	0.72236
22804	9.29683	9.46273	9.5281	0.98352	1.48742	1.55212	0.82854	1.32106	1.38278	0.70345	1.66677	1.78014	9.20485	9.23132	9.26789	0.85318	1.07077	1.20032	0.80204	0.97717	1.06868	0.8234	1.17564	1.34595
4608	11.46659	11.6048	11.69397	-5.35545	-2.07386	1.69006	-5.15091	-1.98618	1.70433	1.65315	2.07813	2.40531	11.03198	11.03763	11.04253	-4.30147	-2.47475	-1.86141	-4.17301	-2.37929	-1.78085	0.46131	0.5077	0.53815
17433	11.28094	11.40321	11.44274	-18.40589	-8.49566	1.9039	-18.19561	-8.35971	1.90592	0.70692	0.85803	1.87814	10.9928	10.99808	11.00394	-14.01354	-11.13645	-7.46307	-13.81211	-10.97217	-7.32598	0.0911	0.10703	0.15361
17062	10.69711	10.77838	10.8359	-2.82352	-1.98449	-1.06818	-2.6358	-1.80003	-0.91198	2.54023	2.85349	3.07345	9.67148	9.72192	9.76635	-1.63142	-1.10365	-0.662	-1.45538	-0.93527	-0.53218	0.98445	1.18473	1.39996
7011	10.02532	10.70378	11.00968	-1.90047	1.49614	2.47646	-1.74143	1.46922	2.38914	1.17051	1.50819	3.05476	10.01494	10.02419	10.06262	0.32624	0.44089	0.97886	0.53488	0.63437	1.01295	0.91632	0.95896	1.09338
8038	9.64425	10.11351	10.69592	-2.09318	1.20887	1.66789	-1.93587	1.1533	1.62361	1.24084	1.84848	2.69523	9.72061	9.74274	9.78792	0.47642	0.66839	0.80331	0.5301	0.68768	0.80987	1.29225	1.42361	1.56697
16921	10.20551	10.67314	10.88623	-0.59359	0.76552	1.21481	-0.50332	0.77632	1.22996	1.49193	2.50129	2.76284	10.00927	10.06915	10.12836	0.06571	0.34304	0.51616	0.10969	0.36412	0.53542	1.39313	1.62081	1.8575
12304	9.42542	9.49756	9.52	1.23814	1.33268	1.39273	1.14019	1.23417	1.27463	0.52523	0.73407	0.80284	9.47458	9.56879	9.58087	1.46418	1.66199	1.67852	1.33079	1.48896	1.50301	1.29214	1.66551	1.6984
24511	9.93324	9.97097	10.06741	1.07593	1.3288	1.38296	1.0627	1.29435	1.34154	0.81236	1.0613	1.14896	9.84174	9.89898	9.93934	1.19711	1.37693	1.66354	1.17569	1.3412	1.6134	1.1638	1.45245	1.93585
3371	10.78085	10.83112	10.87741	-5.67846	-4.02392	-2.1171	-5.48085	-3.86712	-2.00601	1.82625	1.92029	2.01285	10.00467	10.01719	10.04026	-6.83796	-5.10098	-3.33188	-6.64464	-4.9516	-3.22631	0.00081	0.02764	0.09293
24185	10.31936	10.3461	10.85737	1.57671	1.62177	1.6726	1.55424	1.5949	1.66133	1.03562	1.09016	1.86114	10.28362	10.30433	10.3732	1.05136	1.71708	1.82382	1.06845	1.69838	1.78124	0.75133	1.61976	1.71442
22847	10.25823	10.29027	10.50744	-17.05841	-10.47724	-6.00315	-16.87637	-10.3431	-5.91522	-0.41301	-0.31541	0.25673	-99.99 -99.99 -99.99 -99.99 -99.99 -99.99 -99.99 -99.99 -99.99 -99.99 -99.99 -99.99 
3871	9.0596	9.15612	9.24678	0.9379	1.0753	1.19499	0.83834	0.94562	1.04656	0.88406	1.06523	1.2457	8.77177	8.911	8.98857	0.71867	0.87057	1.00853	0.60928	0.748	0.86499	0.56137	0.84594	1.03685
23156	9.23238	9.61421	9.70085	0.6263	1.22296	1.48307	0.60065	1.16792	1.38081	0.49673	1.37454	1.74636	9.21979	9.28215	9.34492	0.63926	0.91384	1.18355	0.6131	0.85529	1.08421	0.57091	0.96174	1.34983
8586	9.23499	9.28394	9.36619	1.25578	1.32496	1.38373	1.10762	1.15649	1.21308	1.23689	1.36851	1.46867	8.94512	8.99781	9.03931	0.49811	0.83301	1.02542	0.46279	0.73142	0.87518	0.2252	0.68352	0.9867
10465	9.19026	9.43434	9.56639	0.51144	0.61486	0.982	0.50334	0.59685	0.89809	0.15131	0.33033	0.83216	9.31535	9.36504	9.41583	0.52408	0.79958	0.98713	0.51317	0.76655	0.92856	0.39647	0.79562	1.03619
24144	9.1029	9.22941	9.3651	0.538	0.87163	1.09153	0.53015	0.7935	0.9847	0.47942	0.92544	1.27162	9.19727	9.26143	9.32269	0.33605	0.71586	0.99639	0.34157	0.68383	0.91668	0.50566	0.93933	1.28115
601	8.97799	9.1281	9.27435	0.57852	0.93753	1.15266	0.55979	0.78068	0.98561	0.16022	0.53632	1.00885	9.18823	9.22271	9.26232	0.54224	0.7141	0.89532	0.52104	0.67797	0.83199	0.31072	0.62023	0.89728
23579	10.5711	10.62369	10.68385	-10.04461	-5.35385	-3.08725	-9.90368	-5.24947	-3.00644	0.30516	0.45273	0.73088	10.08452	10.13254	10.2283	-12.83098	-7.67007	-4.53775	-12.65322	-7.52887	-4.44898	-0.88368	-0.74009	0.00761
5789	9.53071	9.63284	9.83637	0.23209	1.07365	1.22168	0.29306	1.03224	1.16658	1.2981	1.64059	1.86667	9.49451	9.61432	9.66551	0.27433	0.7209	1.11368	0.31011	0.72386	1.08096	0.937	1.42088	1.89688
21894	10.32468	10.44824	10.60975	-17.61758	-12.20108	-6.04195	-17.42569	-12.07415	-5.95549	-0.20573	0.03846	0.18868	9.86692	9.89568	10.21325	-17.75934	-12.39672	-7.67085	-17.56893	-12.2585	-7.56935	-1.76954	-1.22979	0.00146
24354	11.35604	11.47864	11.5146	-2.86278	-2.12941	-1.39976	-2.72465	-1.93195	-1.22961	2.24128	2.74761	2.83855	10.32761	10.34126	10.3508	-6.44032	-4.8955	-3.06133	-6.2488	-4.735	-2.94908	-0.04329	0.00957	0.04698
3767	10.82451	11.1619	11.19477	-13.29978	-8.0925	-4.40807	-13.1398	-7.93471	-4.30597	0.18242	1.54762	1.59691	10.32055	10.33661	10.48919	-8.62613	-5.74712	-3.70826	-8.46818	-5.63012	-3.60773	-0.90743	-0.83963	0.00126
18946	9.24638	9.49903	9.80841	0.32691	0.81443	1.38023	0.31522	0.74451	1.29618	0.60279	1.10684	2.09735	9.29564	9.33843	9.38509	0.38539	0.62825	1.00473	0.39345	0.61574	0.95259	0.83888	1.14967	1.63843
26300	10.94893	11.42226	11.44742	-2.31226	-1.86785	-0.72949	-2.10545	-1.66777	-0.57855	2.75492	3.18294	3.25493	10.24808	10.27599	10.29792	0.05326	0.1453	0.2243	0.07922	0.17012	0.24917	0.43653	0.53628	0.6531
21201	9.12005	9.21138	9.42621	0.14444	0.39061	0.56303	0.14486	0.37105	0.52656	0.55893	0.74457	1.02684	9.22139	9.26315	9.31424	-0.29276	0.05127	0.36033	-0.28334	0.05552	0.34971	0.20638	0.64708	1.06213
16854	9.7304	9.76306	9.79343	1.13724	1.18335	1.21518	1.10328	1.14494	1.17286	0.72556	0.76129	1.09264	9.65452	9.67142	9.70828	1.38263	1.73234	1.77054	1.30709	1.56685	1.59654	1.33047	1.87613	1.94253
1862	10.25023	10.5661	11.25774	-2.45216	-0.87394	1.26336	-2.24574	-0.72938	1.26869	1.33662	1.7418	2.50682	10.07232	10.09705	10.15	0.63291	0.81538	1.0188	0.83669	0.93222	1.08677	1.42041	1.64444	1.71604
22795	10.54335	10.89375	10.99012	-9.20521	-4.5793	-2.72893	-9.04368	-4.41982	-2.60286	1.40397	3.02802	3.17377	10.00088	10.01933	10.04412	-12.67064	-7.74558	-3.44894	-12.48402	-7.62571	-3.3883	0.13076	0.20348	0.31585
1772	9.48052	9.52885	9.89077	1.34022	1.50672	1.54139	1.29965	1.35163	1.37785	2.66423	2.83243	2.91106	9.61607	9.67783	9.78312	1.59626	1.68285	1.77355	1.47953	1.53392	1.63586	3.45649	3.59725	3.86621
18619	10.36861	10.70998	10.81205	-5.26374	-3.0668	-1.67358	-5.09127	-2.90404	-1.57873	1.31427	1.98086	2.27406	9.5844	9.62219	9.65964	-3.92756	-2.4469	-1.5426	-3.75271	-2.33134	-1.46521	-0.18236	0.04479	0.27057
20627	9.43316	9.45655	9.52878	1.00115	1.48126	1.51115	0.95978	1.31257	1.33759	0.49063	1.2056	1.26846	9.51093	9.52655	9.54385	1.47897	1.5758	1.6175	1.35807	1.41816	1.44622	1.47863	1.6075	1.671
26173	10.60724	11.1047	11.13764	-3.46325	-2.56266	-0.8487	-3.27206	-2.38415	-0.72845	1.69423	2.23386	2.356	9.99242	10.02921	10.09804	-4.84452	-3.30989	-2.50016	-4.65214	-3.15746	-2.3718	-0.29125	-0.14711	0.03489
10246	9.13407	9.28392	9.43567	0.20609	0.32259	0.61551	0.2024	0.31558	0.56465	0.14022	0.26023	0.63852	9.13763	9.19508	9.25234	0.22237	0.54611	0.80802	0.21786	0.52369	0.75549	0.43192	0.84868	1.17993
25565	9.75523	10.12124	10.26997	-8.42078	-3.12212	-1.22204	-8.29656	-3.00214	-1.15385	0.48645	0.90711	1.42149	9.15527	9.19694	9.28678	-3.59398	-2.68129	-1.97245	-3.414	-2.51056	-1.82932	0.01268	0.12662	0.36199
12354	8.82923	9.0281	9.15608	0.66642	0.92368	1.05136	0.56107	0.78366	0.90401	0.59617	0.90747	1.18173	8.86894	8.9512	9.03106	0.60026	0.88445	1.04522	0.54264	0.7512	0.89459	0.63864	1.01156	1.26021
16275	8.93572	9.23435	9.29994	0.81985	1.25158	1.33114	0.68687	1.08994	1.16427	0.33042	1.19835	1.33186	9.04987	9.07828	9.10817	0.94609	1.05156	1.1295	0.84973	0.92012	0.97248	0.89349	1.0147	1.12025
10679	9.46464	9.51887	9.59513	1.35195	1.3878	1.55371	1.24319	1.26228	1.40991	0.57347	0.61046	0.9138	9.49924	9.54825	9.75786	1.0016	1.55805	1.74157	0.98332	1.40138	1.56871	0.54668	1.24967	1.63361
17214	10.22829	10.25468	10.62725	0.91659	1.40391	2.06946	0.93083	1.38311	2.02843	1.58795	1.63948	2.964	10.1831	10.19597	10.21952	1.07013	1.23348	1.28815	1.11619	1.22572	1.28041	1.67274	1.75129	1.93589
23795	11.06336	11.14104	11.16336	-5.9078	-4.81368	-2.96275	-5.70638	-4.65272	-2.84188	1.54246	1.6965	1.73186	10.41299	10.42951	10.50341	-8.8978	-5.72837	-3.78915	-8.70923	-5.59159	-3.68282	-0.6518	-0.54037	0.00519
21926	11.18189	11.20137	11.24034	-21.49295	-16.94179	-5.10598	-21.28369	-16.75657	-5.00904	0.10077	0.24092	0.52132	10.84636	10.86654	11.00224	-20.29711	-15.68359	-10.44772	-20.09739	-15.50265	-10.32753	-0.88665	-0.76061	0.00114
7764	9.25121	9.31167	9.45404	0.77469	1.27205	1.36723	0.74445	1.1129	1.19781	0.87905	1.64057	1.85367	9.3368	9.38693	9.4395	1.05409	1.30045	1.45448	0.99142	1.1861	1.30052	1.61277	1.94953	2.16644
11058	9.59989	9.61831	9.71001	1.32245	1.67045	1.69272	1.26155	1.49382	1.51606	1.13874	1.77509	1.82677	9.68059	9.69443	9.70597	1.63949	1.78914	1.80299	1.51405	1.61389	1.62685	1.98569	2.21388	2.2379
25270	9.87714	9.94741	10.47074	0.14354	0.85204	1.20162	0.17208	0.85338	1.1678	0.49421	0.67024	2.20362	9.70564	9.74436	9.7797	0.77881	0.90905	1.01641	0.80044	0.92807	1.02806	0.83364	1.03308	1.19702
20344	9.61854	9.68069	9.81692	1.22078	1.68358	1.82018	1.16802	1.50975	1.65726	0.89757	1.39409	1.67891	9.63578	9.68455	9.7125	1.21895	1.46435	1.59916	1.17895	1.38124	1.48875	0.92807	1.27096	1.46724
2096	9.37017	9.42585	9.52973	0.86667	1.00983	1.08662	0.84771	0.96268	1.02234	1.24097	1.4275	1.53139	9.33035	9.38661	9.44191	0.95587	1.16103	1.38144	0.91408	1.07889	1.24294	1.66613	1.98092	2.32874
23761	10.98758	11.3742	11.40443	-9.51292	-5.47428	-3.91884	-9.38093	-5.27734	-3.75679	1.25743	2.94672	2.99061	10.54958	10.55408	10.55947	-13.82498	-10.62112	-6.66182	-13.62966	-10.46418	-6.56006	0.0829	0.0965	0.11107
16714	9.90982	9.99553	10.76674	-2.05962	0.7677	0.90278	-1.8807	0.77959	0.89954	0.95858	1.14111	1.89123	9.75679	9.82227	9.90695	-0.04228	0.4671	1.06614	0.11766	0.54104	1.0512	1.05346	1.26679	1.70724
2228	11.03791	11.59582	11.62147	-2.79807	-2.09447	-1.42975	-2.62129	-1.89105	-1.25414	2.26667	3.32916	3.38768	10.47457	10.48103	10.48798	-8.11288	-3.65825	-1.59451	-7.94878	-3.57079	-1.53663	0.05397	0.08077	0.12548
20663	8.86418	9.11009	9.26942	0.75578	0.92496	1.10759	0.644	0.81446	0.99114	0.49785	0.80683	1.12897	8.9613	9.06385	9.14094	0.69532	0.90083	1.05393	0.65139	0.7994	0.9192	0.68154	0.90548	1.12118
21971	9.46144	10.04666	10.22979	-3.24935	-0.32938	1.02265	-3.06345	-0.23916	1.01112	0.49861	1.1775	1.96808	9.19438	9.24833	9.34792	-1.45674	-0.94975	-0.38809	-1.27765	-0.80189	-0.31498	0.12807	0.37284	0.79613
15300	8.542	8.61916	8.7239	0.51721	0.57778	0.70997	0.3842	0.41956	0.54962	0.19548	0.29008	0.59262	8.77197	8.79816	8.8311	0.75116	0.83871	0.88695	0.6281	0.68083	0.71922	0.91193	1.01788	1.10129
11618	10.38023	10.4475	11.33342	0.50603	1.74736	1.79581	0.59425	1.7213	1.7635	0.86296	0.98469	1.46762	10.29062	10.3042	10.32259	2.07111	2.23161	2.32839	1.99716	2.11595	2.17971	1.72276	1.95014	2.0759
2976	9.71522	9.74133	9.85542	1.32767	1.79335	1.80536	1.29107	1.61727	1.62851	0.45936	1.12633	1.15341	9.82785	9.83662	9.84529	1.42387	1.91518	1.93575	1.37171	1.74695	1.76022	0.78725	1.58793	1.61829
1872	9.93604	10.60581	10.71388	-2.98553	-1.79492	0.98096	-2.79015	-1.67014	0.97087	1.05528	1.59	1.74056	9.71275	9.77141	9.82658	-0.06802	0.20266	0.39185	-0.02046	0.23721	0.41726	0.45483	0.89183	1.15765
4171	10.51373	11.88609	11.89221	-2.01956	-1.88928	2.15941	-1.80746	-1.68436	2.0921	1.81084	2.80338	2.81934	10.36189	10.66252	10.77724	1.359	2.41076	2.46256	1.36421	2.27934	2.35802	1.47773	2.46917	2.74314
15154	9.65976	9.88601	10.20714	-9.80391	-4.38668	-2.31432	-9.68603	-4.25764	-2.22141	0.05006	0.24987	0.72301	9.3625	9.51402	9.64336	-11.18906	-5.72418	-3.59928	-11.04739	-5.62022	-3.52256	-0.7078	-0.20697	0.07177
24355	9.67547	9.69369	9.71638	1.72012	1.74488	1.76924	1.54861	1.57043	1.594	1.22114	1.27916	1.34165	9.7596	9.77163	9.78636	1.77051	1.84278	1.86894	1.6383	1.67847	1.69849	1.59233	1.6845	1.72645
18132	10.15202	10.39185	11.33858	0.41532	1.62162	2.4526	0.44877	1.5978	2.39428	1.31133	2.15257	2.90648	10.24275	10.26484	10.2852	1.51936	1.99012	2.08528	1.61923	1.95158	2.0031	1.81025	2.28458	2.3823
26647	9.34877	9.54816	9.66132	0.85473	1.36409	1.65932	0.8301	1.1999	1.49099	0.21279	0.95406	1.58114	9.44886	9.46752	9.49907	0.90398	1.41057	1.52256	0.88471	1.29133	1.36106	0.60585	1.33539	1.48051
20261	9.47182	9.63722	9.71958	0.78616	0.90122	1.2778	0.77027	0.877	1.18196	0.43071	0.57726	1.12772	9.56749	9.59845	9.62584	0.88423	0.99128	1.12297	0.86408	0.96356	1.08006	0.89916	1.02612	1.19337
9769	11.163	11.52423	11.55547	-6.44798	-2.89939	1.78542	-6.34459	-2.79395	1.79383	1.82359	2.16629	2.54975	11.08155	11.10617	11.15235	-2.51043	0.85595	0.93054	-2.41754	0.86896	0.94067	1.42104	1.5572	1.59942
1826	8.90768	8.94926	8.98721	0.77555	0.90535	0.9742	0.65962	0.76459	0.81005	0.45889	0.68449	0.77491	8.8724	8.92361	8.96254	0.78277	0.88591	0.97834	0.68589	0.75448	0.82172	0.82342	0.99773	1.17247
25137	9.89818	10.17008	10.35403	0.25926	1.52749	1.67066	0.4178	1.50037	1.62928	0.68076	1.5312	1.736	9.94645	9.98491	10.01295	1.13922	1.3478	1.57696	1.13229	1.32493	1.53105	1.16367	1.4194	1.69894
14098	9.77066	9.81862	9.87573	0.60966	1.22641	1.31495	0.69618	1.18897	1.2693	0.63805	1.24895	1.36778	9.6023	9.64525	9.6801	0.44515	1.28275	1.39573	0.44561	1.22743	1.32385	0.25041	1.41006	1.56709
26397	8.8281	8.89863	9.05596	0.46472	0.76945	0.93147	0.42705	0.6415	0.76643	0.2775	0.76343	1.03375	8.93309	8.98235	9.03583	0.43714	0.73016	0.95734	0.41555	0.6641	0.8304	0.52649	0.97813	1.29682
10496	10.37377	10.4135	11.3886	-2.49659	1.74022	1.77272	-2.2858	1.70731	1.73709	1.57982	1.97781	2.40154	10.4091	10.50387	10.51654	0.60831	0.93451	0.97302	0.64492	0.93743	0.97502	0.91274	1.00852	1.07594
14246	10.95733	11.58	11.66989	-1.98119	-1.16914	2.86373	-1.77331	-0.97246	2.7648	2.6452	3.85587	4.47133	10.46942	10.48175	10.55152	1.14449	1.24467	1.27805	1.15324	1.24326	1.27649	1.94976	2.01378	2.16302
994	10.00136	10.04277	11.01499	-1.82493	1.4473	2.26889	-1.64782	1.40845	2.09427	0.93801	1.06608	2.48707	9.91693	9.92961	9.94382	1.93757	2.00691	2.02848	1.79815	1.83769	1.8545	2.065	2.1657	2.20402
6141	9.52056	9.68892	9.87238	1.35788	1.92055	2.17087	1.2018	1.64161	1.76867	0.5819	1.69593	2.01231	9.55379	9.59133	9.60322	1.30677	1.6545	1.68717	1.24888	1.49251	1.51294	0.81477	1.36117	1.41102
2793	11.19327	11.22157	11.51676	-10.95059	-7.97071	-3.16626	-10.75546	-7.81572	-3.03431	1.73864	1.81264	3.16566	10.77124	10.79148	10.84555	-4.38067	0.96207	1.04207	-4.25566	0.96887	1.04684	1.03782	1.30703	1.37409
20639	10.8469	10.86475	11.09827	-0.90644	1.2993	1.33217	-0.84817	1.33409	1.35571	1.16783	1.61747	1.70754	10.51683	10.53364	10.56742	-4.52017	0.37638	0.4617	-4.33499	0.41765	0.50009	0.28564	0.56153	0.61993
239	8.80847	8.88041	8.97056	0.60103	0.7036	0.80382	0.53306	0.59791	0.65697	0.36834	0.4735	0.60773	9.00845	9.05238	9.13964	0.397	0.84238	1.03861	0.37585	0.75855	0.89173	0.39934	1.07901	1.32347
14222	9.05702	9.10636	9.16667	0.4241	0.53182	0.67238	0.41251	0.4961	0.61922	0.35736	0.48699	0.729	9.1244	9.16501	9.19986	0.4432	0.6113	0.74338	0.42972	0.57715	0.69623	0.6116	0.83107	1.01944
23941	9.24198	9.30707	9.36415	1.17767	1.29645	1.37217	1.04542	1.14188	1.20588	1.0835	1.25204	1.37194	9.07674	9.13265	9.16658	0.7934	0.94111	1.0927	0.73402	0.85175	0.96732	0.59616	0.82935	1.05302
25681	9.74375	9.80746	9.93547	-5.58781	-3.47417	-2.61248	-5.4254	-3.30526	-2.46353	-0.16109	0.04919	0.18897	9.26536	9.36875	9.65224	-16.36592	-10.20547	-5.74626	-16.1898	-10.07496	-5.6567	-1.79171	-1.48466	0.00803
23570	9.14797	9.20563	9.34843	0.86847	1.13908	1.24316	0.80904	0.98556	1.07121	0.47762	0.95781	1.18124	9.22704	9.2583	9.28884	0.98646	1.19517	1.31491	0.91684	1.07354	1.15422	0.97731	1.3238	1.49858
16440	11.26813	11.75038	12.2227	-1.48352	0.5175	2.79194	-1.32179	0.65611	2.81739	1.99133	3.86108	4.09956	10.97774	10.98289	11.13228	0.27731	1.51771	1.53948	0.33303	1.5466	1.5671	1.75842	1.77536	1.91256
6159	9.64674	9.70611	9.75045	1.18892	1.73693	1.78314	1.08487	1.56734	1.6111	0.69985	1.52086	1.59948	9.39893	9.50468	9.5846	1.25177	1.45658	1.65465	1.17473	1.31461	1.4877	0.86206	1.12288	1.46786
21329	9.97948	10.75972	11.30865	-6.08524	-1.21984	1.41659	-5.96204	-1.03389	1.37253	1.14461	3.16006	3.62725	9.90169	9.94891	10.05244	0.81851	1.16264	1.36415	0.81587	1.31266	1.48373	1.2972	2.2515	2.54075
22697	9.12787	9.30999	9.76603	-0.10936	0.3285	0.80401	-0.08861	0.32196	0.74132	0.57369	0.94101	1.58721	9.17784	9.22643	9.29322	-0.06292	0.25399	0.60538	-0.03244	0.2616	0.59152	0.63234	1.07476	1.52111
20168	9.85975	10.01872	10.0419	1.65012	1.74704	1.92458	1.58561	1.67604	1.74949	0.74165	1.06241	1.17255	9.95693	9.99415	9.99973	2.00168	2.09726	2.12038	1.84636	1.92062	1.9448	1.59172	1.75687	1.79365
24862	10.70061	11.25901	11.32734	-7.30296	-3.06153	-1.96373	-7.14254	-2.88729	-1.79895	1.44425	3.49637	3.69029	10.16029	10.18353	10.19928	-9.82322	-5.19665	-2.4324	-9.63832	-5.09473	-2.37912	0.26349	0.40374	0.48413
23903	9.04005	9.10729	9.20577	1.06249	1.14343	1.21885	0.9045	0.97764	1.06351	0.9829	1.10979	1.21927	8.75942	8.82804	8.92732	0.75536	0.83563	0.96877	0.62611	0.68331	0.81016	0.47031	0.60765	0.9213
1205	8.63451	8.86502	9.07095	0.47902	0.67036	1.00309	0.39345	0.53723	0.85625	0.30812	0.61767	1.22647	8.80736	8.86849	8.94126	0.31324	0.75521	0.9093	0.29346	0.64589	0.76664	0.38914	0.95354	1.18855
3591	8.84356	8.93045	9.03462	0.69897	0.77934	0.84709	0.61916	0.66293	0.70606	0.52441	0.60213	0.71014	8.91497	8.98047	9.11501	0.65093	0.89996	1.00324	0.60151	0.77648	0.8512	0.80629	1.14241	1.32187
4056	8.93236	9.16706	9.35779	0.33095	0.55656	0.85553	0.3098	0.50936	0.78832	0.28248	0.55808	1.03035	8.93189	9.03781	9.09638	0.47861	0.85014	1.08841	0.44602	0.75123	0.94361	0.57659	1.01762	1.33816
2100	8.93745	9.06317	9.11086	0.87586	1.07367	1.13363	0.73632	0.9124	0.96253	0.52786	0.93927	1.05939	9.14211	9.17045	9.20589	0.70853	0.98976	1.11536	0.66815	0.89893	0.99112	0.65284	1.09795	1.27046
25573	11.86543	11.91613	11.92452	-2.10501	-1.79916	-1.37768	-1.90429	-1.59292	-1.18705	2.62932	2.82102	2.83925	10.73413	10.77927	10.82375	-4.42982	-3.03009	-2.29744	-4.27765	-2.90006	-2.18544	-0.35838	5e-05	0.00937
11981	10.94294	11.10649	11.68822	-1.62908	1.40949	1.51512	-1.43058	1.41778	1.52498	1.9685	2.37801	3.13246	10.72294	10.76148	10.78481	0.52662	0.92767	1.31498	0.61849	0.9763	1.31938	1.95523	2.04448	2.14957
25060	11.26152	11.3232	11.41467	-15.64631	-6.65092	-2.46573	-15.46593	-6.52711	-2.4057	0.87584	1.01171	1.40927	10.79893	10.81571	10.8281	-9.6129	-6.18834	-3.6334	-9.42177	-6.05271	-3.52723	-0.1616	-0.08554	0.00162
9606	8.7345	8.86691	9.16946	0.35755	0.82246	1.19119	0.31084	0.65693	1.02747	0.22987	0.91907	1.64276	8.82596	8.88659	8.94095	0.52533	0.71527	0.88948	0.47414	0.62498	0.74991	0.73529	1.01102	1.2647
15991	9.35137	9.70912	9.89723	0.17786	1.04274	1.57445	0.19473	1.00639	1.48022	0.49382	1.84559	2.6295	9.23493	9.33771	9.409	-0.03869	0.73026	1.10001	0.00225	0.70602	1.03462	0.60121	1.44124	1.92609
26605	8.84325	8.9108	9.08213	0.47313	0.8011	0.92615	0.43599	0.66366	0.76966	0.23795	0.77045	1.00392	8.95769	9.0072	9.07087	0.30684	0.5537	0.82751	0.28945	0.50966	0.72722	0.27787	0.66439	1.06704
23086	9.17845	9.24353	9.72216	0.36508	0.55252	1.56195	0.38369	0.53338	1.40785	0.19816	0.35502	2.14395	9.02364	9.0712	9.12914	0.5873	0.67235	0.75738	0.55043	0.62213	0.69041	0.59084	0.70701	0.85196
2013	9.91186	9.96541	10.0589	1.10591	1.28453	1.32357	1.09084	1.25404	1.29068	1.08731	1.20593	1.28847	9.81361	9.87076	9.92577	1.14231	1.48355	1.69788	1.13017	1.48585	1.63108	1.34076	1.8977	2.14579
25406	9.61667	10.06087	10.17489	-5.1103	-1.26069	0.96372	-4.9635	-1.16758	0.96312	-0.50003	0.07177	1.42481	9.11909	9.25242	9.41565	-7.25991	-3.01721	-1.51433	-7.10531	-2.9026	-1.44346	-1.60507	-1.2185	-0.07516
24851	9.20954	9.44507	9.69722	0.249	0.66393	1.35995	0.25508	0.62796	1.26211	0.46213	0.98652	2.3289	9.20883	9.27867	9.35001	0.03737	0.55838	0.95222	0.04454	0.5368	0.88604	0.36117	1.16029	1.75554
5568	9.36958	9.54081	10.27742	-3.08077	0.60109	0.95666	-2.89601	0.60735	0.89915	0.65468	0.94524	1.23818	9.46005	9.50569	9.55906	0.35699	0.62332	0.89286	0.35884	0.61341	0.87148	0.70401	1.07941	1.46816
26491	9.08418	9.21483	9.45069	1.04076	1.12459	1.20877	0.92507	0.99956	1.08714	0.8736	0.99095	1.12764	8.76033	8.87892	8.94892	0.67056	0.84322	0.98904	0.5648	0.70623	0.83124	0.34375	0.68011	0.91589
6221	11.51321	12.02381	12.03326	-2.01444	-1.82992	-1.53619	-1.84829	-1.62146	-1.34129	2.23897	2.78057	2.80146	10.9285	10.93487	10.94672	-6.59584	-4.14884	-1.75973	-6.40463	-4.01824	-1.68265	-0.03418	0.00309	0.02527
17026	9.14043	9.2105	9.2636	0.76532	0.94955	1.08433	0.72306	0.86364	0.97009	1.16021	1.36072	1.55394	8.95307	8.99507	9.05744	0.70378	0.85753	0.97713	0.63943	0.75986	0.84351	1.08467	1.29711	1.46115
16123	9.52121	9.65373	10.42137	0.89151	1.55464	1.96094	0.87217	1.38892	1.87716	1.61116	1.85552	2.77746	9.6813	9.7077	9.73055	1.02381	1.17447	1.30989	1.0174	1.14718	1.26191	1.49001	1.67066	1.82898
25211	8.90046	8.97492	9.12152	0.55937	0.7119	0.98539	0.51026	0.60386	0.83329	0.28569	0.478	1.00838	8.99516	9.03745	9.08225	0.62143	0.88543	1.05082	0.57636	0.78815	0.90293	0.66014	1.08198	1.31034
3404	10.06789	10.09002	10.11218	1.5708	1.59547	1.61644	1.5273	1.54836	1.56698	0.83502	0.87077	0.92008	10.06907	10.07885	10.11463	1.49622	1.95189	2.15084	1.46698	1.85838	1.98361	1.01758	1.76248	2.0079
