#objname,logmass,logmass_errup,logmass_errdown,logsfr,logsfr_errup,logsfr_errdown,av,av_errup,av_errdown
21,10.10,0.07,0.12,0.55,0.42,0.59,1.05,0.28,0.22
25,9.96,0.05,0.05,0.27,0.08,0.08,0.80,0.11,0.12
40,10.36,0.07,0.05,1.20,0.63,0.23,0.42,0.55,0.05
58,10.33,0.04,0.06,0.84,0.40,0.09,0.31,0.08,0.05
79,11.05,0.05,0.05,1.40,0.71,0.07,0.98,0.31,0.09
143,9.56,0.11,0.19,0.58,0.58,0.38,0.41,0.35,0.10
170,9.34,0.09,0.19,0.28,0.50,0.71,0.48,0.35,0.29
190,9.68,0.13,0.13,0.38,0.65,0.38,0.32,0.27,0.10
239,9.38,0.14,0.07,-0.18,0.84,0.19,0.17,0.17,0.08
267,10.31,0.07,0.08,0.92,0.26,0.23,1.46,0.12,0.11
274,9.99,0.16,0.20,1.56,0.09,0.31,0.66,0.12,0.29
300,10.17,0.15,0.18,1.52,0.11,0.32,0.80,0.11,0.35
344,9.39,0.22,0.14,0.96,0.11,0.81,0.25,0.20,0.11
407,9.61,0.08,0.06,-1.03,0.97,0.82,0.44,0.26,0.22
482,10.50,0.13,0.07,1.00,0.52,1.36,2.00,0.15,0.49
499,10.22,0.08,0.07,-1.59,1.25,1.20,0.48,0.20,0.15
513,9.96,0.05,0.05,1.49,0.07,0.11,1.23,0.08,0.08
528,11.06,0.08,0.07,1.23,0.72,2.07,1.13,0.09,0.15
533,9.25,0.17,0.15,0.74,0.10,0.93,0.20,0.15,0.08
570,9.24,0.41,0.20,0.73,0.57,0.24,0.15,0.87,0.08
601,9.37,0.10,0.18,0.90,0.09,1.08,0.25,0.11,0.18
744,10.09,0.08,0.06,1.51,0.11,0.13,0.72,0.11,0.11
797,10.49,0.07,0.09,0.71,0.62,0.18,1.11,0.39,0.14
931,9.68,0.07,0.07,0.55,0.32,0.80,0.59,0.16,0.22
952,9.33,0.17,0.19,0.89,0.12,0.72,0.84,0.18,0.40
994,10.03,0.20,0.10,1.85,0.14,1.14,1.62,0.10,0.59
1025,9.75,0.09,0.23,1.02,0.19,0.60,0.98,0.20,0.24
1205,8.93,0.19,0.15,0.04,0.30,0.20,0.29,0.22,0.10
1256,11.23,0.04,0.02,0.24,0.53,0.79,0.92,0.09,0.11
1603,9.10,0.22,0.18,0.55,0.24,0.28,0.26,0.05,0.05
1609,9.36,0.22,0.42,0.87,0.05,0.09,0.34,0.11,0.10
1695,9.20,0.26,0.25,0.40,0.24,0.34,0.35,0.16,0.10
1772,9.98,0.06,0.07,-0.34,0.59,1.01,1.99,0.16,0.16
1826,9.56,0.08,0.09,1.11,0.14,0.15,1.57,0.16,0.15
1848,10.41,0.07,0.07,2.20,0.06,0.07,1.49,0.10,0.10
1851,11.00,0.03,0.05,-0.35,0.87,1.25,0.58,0.13,0.13
1862,10.07,0.20,0.11,0.75,0.36,0.37,1.05,0.08,0.07
1872,9.89,0.08,0.07,-0.88,1.52,1.69,0.76,0.30,0.19
1886,10.01,0.08,0.04,1.55,0.07,0.16,1.45,0.07,0.10
1918,10.70,0.06,0.07,1.76,0.08,0.08,1.52,0.10,0.15
2013,9.92,0.11,0.06,1.41,0.07,0.79,0.99,0.11,0.22
2046,10.07,0.11,0.28,1.20,0.38,0.43,0.44,0.21,0.17
2068,9.36,0.09,0.12,0.62,0.24,0.23,0.30,0.61,0.10
2096,9.42,0.09,0.09,0.60,0.49,0.13,1.04,0.16,0.09
2100,9.27,0.15,0.10,0.03,0.55,0.11,0.30,0.63,0.08
2102,9.32,0.20,0.12,0.86,0.22,0.99,0.36,0.15,0.14
2149,9.38,0.07,0.10,0.75,0.09,0.88,0.13,0.08,0.06
2228,10.60,0.10,0.11,0.34,0.74,1.29,1.44,0.19,0.17
2583,9.82,0.08,0.10,1.52,0.04,0.05,0.86,0.07,0.08
2697,10.25,0.16,0.30,1.17,0.43,0.57,0.62,0.24,0.33
2784,9.40,0.12,0.14,1.10,0.14,0.16,0.52,0.06,0.13
2793,10.71,0.06,0.06,-0.20,1.84,0.87,1.89,0.10,0.15
2862,10.57,0.04,0.05,1.45,0.07,0.07,0.55,0.07,0.05
2903,9.70,0.14,0.13,0.27,0.16,0.23,0.87,0.18,0.15
2921,10.18,0.10,0.10,1.33,0.24,0.59,1.39,0.08,0.16
2976,9.87,0.03,0.04,1.12,0.16,0.13,0.51,0.12,0.04
3315,8.98,0.04,0.05,-0.08,0.35,0.08,0.21,0.06,0.06
3336,9.37,0.11,0.09,0.33,0.43,0.95,0.42,0.20,0.16
3371,10.27,0.06,0.04,-0.10,0.47,0.72,0.49,0.17,0.13
3404,10.21,0.08,0.08,1.67,0.09,0.14,0.81,0.07,0.08
3412,9.27,0.16,0.12,0.96,0.05,0.44,0.60,0.09,0.08
3432,8.99,0.11,0.08,0.14,0.41,0.29,0.48,0.13,0.12
3451,8.97,0.10,0.10,0.74,0.08,0.22,0.28,0.19,0.20
3458,9.33,0.12,0.10,1.12,0.12,0.23,0.47,0.06,0.08
3591,9.32,0.13,0.11,0.85,0.15,0.81,0.67,0.18,0.27
3631,9.30,0.18,0.16,1.06,0.17,0.50,0.38,0.38,0.20
3647,11.16,0.03,0.02,-1.56,0.71,1.16,0.33,0.11,0.12
3653,9.16,0.19,0.08,0.08,0.82,0.10,0.37,0.08,0.14
3683,10.35,0.08,0.10,1.61,0.36,0.13,1.17,0.20,0.17
3707,9.08,0.24,0.04,0.92,0.06,0.55,0.34,0.05,0.08
3767,10.70,0.02,0.03,-1.47,0.61,0.90,0.29,0.11,0.12
3811,9.30,0.20,0.20,0.69,0.19,0.85,0.69,0.24,0.46
3871,9.44,0.07,0.12,0.89,0.21,0.42,0.57,0.14,0.27
4056,9.16,0.16,0.14,0.09,0.63,1.14,0.25,0.19,0.15
4062,10.96,0.02,0.02,-1.46,0.70,1.14,0.55,0.13,0.13
4171,10.80,0.10,0.18,2.00,0.20,0.74,1.41,0.14,0.54
4187,9.69,0.08,0.06,1.58,0.05,0.16,0.29,0.06,0.08
4216,11.23,0.05,0.05,2.18,0.18,0.31,1.08,0.12,0.11
4348,10.54,0.08,0.14,1.42,0.40,0.97,1.51,0.12,0.21
4376,10.71,0.10,0.10,1.66,0.13,0.13,1.64,0.15,0.13
4459,10.25,0.06,0.07,-1.49,1.17,1.35,0.67,0.13,0.12
4529,11.20,0.01,0.01,-2.13,0.80,1.20,0.21,0.10,0.07
4589,9.17,0.32,0.14,0.77,0.09,0.15,0.45,0.19,0.19
4608,11.16,0.03,0.05,0.20,0.53,0.75,0.81,0.19,0.12
4644,9.73,0.11,0.10,0.27,0.55,0.55,1.66,0.27,0.24
5012,10.02,0.10,0.19,1.10,0.25,0.28,0.31,0.12,0.06
5068,9.95,0.10,0.06,-1.39,0.70,1.08,1.15,0.17,0.17
5219,9.77,0.06,0.07,-0.39,0.70,2.08,0.89,0.10,0.23
5568,9.49,0.07,0.11,-0.39,0.99,0.54,0.63,0.14,0.20
5789,9.36,0.08,0.13,0.90,0.10,0.18,0.64,0.26,0.20
5845,9.39,0.27,0.44,0.84,0.10,0.59,0.89,0.27,0.56
5950,10.36,0.03,0.03,-1.94,0.67,1.10,0.79,0.15,0.15
6141,9.75,0.11,0.14,1.41,0.08,0.09,0.29,0.15,0.09
6159,9.66,0.15,0.12,1.11,0.32,0.83,0.48,0.35,0.24
6221,11.03,0.04,0.05,1.86,0.27,0.18,0.76,0.44,0.12
6401,10.73,0.02,0.05,-0.97,0.75,1.12,0.83,0.14,0.13
6665,9.30,0.18,0.11,0.58,0.65,0.23,0.33,0.09,0.10
7011,10.08,0.05,0.08,0.48,0.18,0.18,0.76,0.08,0.06
7094,9.14,0.11,0.11,-0.49,0.29,0.22,0.06,0.06,0.04
7183,10.82,0.06,0.10,1.63,0.20,0.08,1.34,0.10,0.10
7195,11.03,0.05,0.07,1.97,0.12,0.21,0.74,0.13,0.18
7219,10.71,0.02,0.02,-1.72,0.74,1.10,0.29,0.11,0.12
7603,9.12,0.29,0.32,0.45,0.39,0.25,0.37,0.29,0.06
7649,9.40,0.12,0.06,1.01,0.09,0.17,0.55,0.09,0.15
7764,9.62,0.16,0.55,0.48,0.26,0.24,1.08,0.41,0.46
7772,9.67,0.15,0.32,0.31,0.89,0.72,0.95,0.26,0.17
7837,10.58,0.05,0.08,1.16,0.33,0.08,0.54,0.19,0.09
7886,10.91,0.07,0.08,0.86,0.52,0.44,0.96,0.17,0.15
7988,9.94,0.09,0.08,1.16,0.20,0.30,0.95,0.14,0.18
8038,9.70,0.07,0.08,0.37,0.21,0.11,1.10,0.13,0.16
8041,10.64,0.02,0.02,-1.38,0.68,1.16,0.37,0.14,0.14
8067,10.56,0.05,0.10,-0.96,0.77,1.20,0.51,0.16,0.14
8113,9.03,0.15,0.09,0.93,0.05,0.08,0.31,0.06,0.04
8154,10.59,0.06,0.09,-0.66,1.30,1.08,1.44,0.18,0.16
8167,10.71,0.06,0.07,1.30,0.34,1.41,2.03,0.12,0.13
8402,10.08,0.08,0.09,1.26,0.15,0.27,0.97,0.11,0.16
8461,9.09,0.09,0.07,-0.06,0.13,0.08,0.43,0.09,0.07
8540,9.24,0.13,0.20,0.66,0.16,0.27,0.25,0.22,0.14
8586,8.91,0.12,0.13,0.55,0.13,0.36,0.16,0.05,0.04
8976,9.05,0.13,0.07,1.00,0.05,0.14,0.47,0.12,0.20
9026,10.54,0.05,0.07,-0.45,0.79,1.31,1.07,0.14,0.12
9372,8.95,0.14,0.12,-0.31,0.63,0.23,0.24,0.35,0.13
9380,9.84,0.09,0.11,0.92,0.28,0.58,1.68,0.11,0.17
9606,9.05,0.18,0.19,0.66,0.29,0.18,0.34,0.60,0.14
9769,10.51,0.29,0.15,2.16,0.18,0.91,2.01,0.12,0.15
9871,9.54,0.10,0.12,1.29,0.05,0.06,0.63,0.09,0.08
9884,9.13,0.15,0.10,0.76,0.08,0.05,0.08,0.15,0.02
10056,9.70,0.09,0.07,-0.40,0.69,1.00,0.96,0.26,0.24
10075,9.17,0.25,0.12,-0.17,0.48,0.97,0.17,0.09,0.09
10099,9.97,0.06,0.04,0.42,0.70,0.63,1.05,0.07,0.11
10246,9.26,0.07,0.11,0.35,0.40,0.75,0.27,0.10,0.09
10413,11.26,0.14,0.05,2.13,0.31,0.84,0.85,0.11,0.19
10465,9.34,0.10,0.09,0.54,0.38,0.55,0.34,0.08,0.08
10496,10.64,0.05,0.07,1.23,0.14,0.22,0.78,0.10,0.10
10679,9.57,0.24,0.13,1.30,0.12,0.18,0.60,0.10,0.14
11058,9.68,0.08,0.07,1.29,0.08,0.11,0.86,0.10,0.13
11156,9.18,0.08,0.08,0.26,0.34,0.20,0.18,0.11,0.05
11425,9.23,0.11,0.16,0.47,0.32,0.41,0.33,0.14,0.14
11618,10.51,0.10,0.09,1.01,0.67,0.44,0.68,0.18,0.11
11981,10.73,0.02,0.05,-1.13,0.77,1.10,0.52,0.17,0.13
12216,9.61,0.07,0.08,0.48,0.16,0.10,0.70,0.10,0.10
12304,9.52,0.12,0.15,1.16,0.43,0.35,0.52,0.62,0.07
12354,9.08,0.07,0.08,0.45,0.23,0.76,0.16,0.18,0.07
12588,9.36,0.10,0.11,0.74,0.07,0.15,0.32,0.11,0.07
12829,9.20,0.36,0.05,1.06,0.05,0.30,0.76,0.09,0.27
12997,9.50,0.10,0.10,1.16,0.19,0.14,0.42,0.10,0.10
13086,9.21,0.09,0.10,0.49,0.30,0.48,0.25,0.11,0.13
13097,10.46,0.08,0.11,1.33,0.27,0.24,0.99,0.08,0.09
13249,9.86,0.15,0.13,0.71,0.44,0.37,1.10,0.27,0.20
13312,9.53,0.13,0.12,0.22,0.53,1.40,0.51,0.14,0.17
13400,9.51,0.10,0.08,1.04,0.24,0.68,0.28,0.05,0.07
13601,11.09,0.03,0.04,1.70,0.35,0.41,1.14,0.13,0.10
13637,10.83,0.05,0.06,-0.92,0.89,1.22,0.48,0.14,0.17
13890,9.47,0.11,0.11,-0.38,0.56,0.47,0.91,0.30,0.27
13903,9.32,0.16,0.23,0.83,0.26,1.34,0.65,0.08,0.09
13995,8.78,0.21,0.13,0.10,0.18,0.10,0.37,0.12,0.09
14098,9.68,0.09,0.12,0.87,0.23,0.80,0.24,0.12,0.09
14099,10.02,0.06,0.24,0.35,1.26,0.10,0.47,0.34,0.08
14222,9.25,0.10,0.10,-0.49,0.88,1.42,0.21,0.15,0.11
14246,10.21,0.08,0.07,1.84,0.07,0.10,2.26,0.12,0.14
14288,9.25,0.28,0.15,0.88,0.20,0.95,0.22,0.24,0.14
14637,10.35,0.06,0.07,1.44,0.28,0.78,0.72,0.20,0.15
14650,9.05,0.13,0.10,0.44,0.21,0.80,0.44,0.32,0.13
14773,9.45,0.09,0.10,0.57,0.13,0.09,0.82,0.08,0.06
14782,9.85,0.10,0.10,1.60,0.06,0.41,0.86,0.10,0.08
15122,10.19,0.06,0.06,1.54,0.06,0.12,0.85,0.10,0.11
15154,9.52,0.05,0.04,-1.57,0.88,1.02,0.31,0.23,0.17
15300,9.09,0.09,0.35,0.42,0.35,0.29,0.10,0.20,0.08
15336,10.62,0.09,0.12,1.41,0.50,0.22,1.83,0.25,0.13
15585,9.39,0.17,0.04,1.27,0.05,0.11,0.89,0.06,0.09
15704,9.24,0.13,0.08,1.18,0.03,0.04,0.09,0.26,0.03
15746,9.17,0.09,0.06,0.60,0.14,1.04,0.10,0.08,0.05
15753,9.67,0.14,0.15,1.00,0.14,0.57,0.43,0.11,0.15
15775,10.44,0.06,0.21,1.47,0.69,0.15,1.13,0.68,0.09
15870,9.57,0.07,0.09,0.81,0.09,0.11,0.34,0.05,0.03
15924,9.45,0.08,0.07,0.77,0.08,0.08,0.46,0.08,0.10
15959,9.84,0.07,0.06,1.24,0.07,0.60,0.48,0.08,0.10
15967,10.14,0.07,0.11,1.45,0.18,0.25,1.11,0.19,0.16
15988,9.78,0.08,0.06,0.84,0.20,0.30,0.71,0.12,0.10
15991,9.30,0.10,0.06,-0.39,0.21,0.20,0.61,0.09,0.17
16048,9.94,0.09,0.08,0.69,0.57,0.80,0.76,0.24,0.16
16049,9.99,0.07,0.07,2.00,0.06,0.07,1.22,0.12,0.13
16123,9.65,0.13,0.16,0.24,0.45,0.13,0.78,0.13,0.13
16236,9.55,0.19,0.08,1.37,0.14,1.20,0.75,0.10,0.60
16275,9.07,0.24,0.08,0.85,0.05,0.27,0.16,0.07,0.04
16336,10.89,0.06,0.07,-1.58,0.74,1.18,0.29,0.10,0.11
16360,10.53,0.04,0.05,-1.71,0.79,1.11,0.25,0.13,0.13
16435,10.75,0.11,0.11,1.74,0.19,0.79,1.39,0.18,0.27
16440,10.75,0.10,0.11,1.63,0.68,0.54,1.73,0.11,0.15
16455,10.37,0.07,0.07,2.13,0.05,0.08,0.78,0.06,0.09
16514,10.86,0.06,0.07,-0.46,0.76,0.88,0.51,0.11,0.11
16697,9.72,0.11,0.18,0.82,0.22,0.10,0.57,0.13,0.08
16714,9.82,0.09,0.12,0.21,0.38,0.61,0.72,0.33,0.22
16854,9.77,0.09,0.09,1.01,0.45,0.46,0.54,0.20,0.16
16871,9.09,0.31,0.29,0.50,0.59,0.65,0.22,0.63,0.07
16921,9.96,0.11,0.07,-0.97,0.62,1.01,0.78,0.17,0.18
17026,9.40,0.08,0.09,0.20,0.34,0.38,1.10,0.15,0.28
17062,9.78,0.06,0.06,-0.61,0.46,0.78,1.40,0.15,0.18
17064,10.39,0.04,0.03,-1.93,0.70,1.17,0.68,0.16,0.16
17098,9.21,0.11,0.06,0.69,0.08,0.17,0.15,0.06,0.04
17185,9.36,0.26,0.13,0.30,0.39,0.40,0.66,0.59,0.18
17211,10.93,0.06,0.07,0.62,0.57,0.63,2.16,0.11,0.12
17214,10.08,0.11,0.09,1.22,0.19,0.38,1.07,0.15,0.18
17225,9.40,0.11,0.13,0.75,0.11,0.25,0.19,0.14,0.13
17233,9.50,0.14,0.04,1.14,0.10,0.56,0.24,0.17,0.08
17245,10.40,0.06,0.10,1.64,0.08,0.10,1.62,0.10,0.10
17254,9.63,0.15,0.12,-1.11,1.34,1.28,1.12,0.31,0.27
17265,9.93,0.08,0.09,0.76,0.66,0.13,0.35,0.07,0.05
17376,10.17,0.08,0.07,1.36,0.16,0.35,0.55,0.08,0.08
17418,11.62,0.02,0.02,-0.89,0.67,1.20,0.62,0.09,0.09
17422,9.46,0.10,0.09,1.11,0.18,0.60,0.55,0.19,0.24
17433,11.10,0.02,0.02,-0.78,0.56,0.85,0.47,0.11,0.11
17474,9.34,0.11,0.07,0.84,0.26,0.24,0.27,0.06,0.08
17652,9.32,0.06,0.06,1.25,0.10,0.12,0.18,0.04,0.03
17843,9.61,0.09,0.10,1.35,0.06,1.00,0.21,0.07,0.06
18048,10.65,0.06,0.09,-0.65,2.06,1.57,0.63,0.18,0.24
18130,10.55,0.05,0.07,-2.10,0.78,1.11,0.16,0.11,0.09
18132,9.84,0.15,0.05,1.60,0.09,0.06,0.75,0.18,0.05
18146,9.06,0.07,0.23,0.08,0.30,0.21,0.19,0.06,0.03
18160,11.09,0.04,0.04,2.11,0.09,0.13,1.27,0.10,0.12
18326,10.47,0.07,0.29,1.96,0.21,0.08,0.95,0.08,0.07
18375,9.38,0.08,0.19,0.84,0.19,0.34,0.72,0.14,0.25
18380,9.62,0.11,0.06,1.35,0.07,0.39,1.10,0.06,0.06
18405,9.10,0.05,0.04,-0.19,0.09,0.07,0.38,0.07,0.05
18413,8.81,0.11,0.11,0.06,0.08,0.05,0.21,0.06,0.04
18443,9.42,0.27,0.10,1.18,0.14,0.33,1.20,0.12,0.21
18572,9.19,0.33,0.14,0.92,0.19,2.05,0.93,0.22,0.20
18619,9.73,0.11,0.11,0.15,0.32,0.38,1.09,0.44,0.31
18661,10.36,0.05,0.05,1.42,0.13,0.40,1.23,0.08,0.11
18715,10.51,0.06,0.06,1.29,0.10,0.11,0.56,0.13,0.12
18732,9.52,0.22,0.28,0.17,0.91,0.65,0.51,0.28,0.20
18767,10.18,0.04,0.08,-1.31,1.03,1.30,0.87,0.22,0.12
18821,10.69,0.12,0.16,1.57,0.27,0.11,1.36,0.13,0.12
18908,9.81,0.11,0.11,1.21,0.08,0.17,0.46,0.29,0.15
18941,10.30,0.03,0.03,-2.41,0.79,1.05,0.23,0.13,0.11
18946,9.13,0.31,0.17,0.77,0.16,1.00,0.47,0.12,0.21
19133,9.34,0.08,0.12,1.06,0.11,0.11,1.14,0.12,0.15
19136,10.10,0.10,0.10,1.02,0.57,0.20,0.69,0.26,0.19
19176,9.35,0.07,0.36,0.59,0.31,0.21,0.43,0.15,0.10
19202,9.29,0.12,0.07,0.19,0.26,0.64,0.46,0.36,0.23
19422,10.45,0.09,0.08,1.56,0.16,0.27,1.16,0.08,0.09
19508,10.75,0.08,0.09,0.11,0.79,1.16,2.71,0.16,0.26
19633,9.96,0.10,0.10,1.58,0.11,0.15,0.81,0.11,0.13
20066,9.26,0.08,0.15,1.10,0.09,0.76,0.24,0.17,0.21
20168,10.12,0.10,0.06,1.22,0.26,0.30,0.48,0.12,0.06
20261,9.74,0.09,0.08,0.46,0.45,1.49,0.52,0.19,0.21
20344,9.77,0.09,0.08,0.93,0.21,0.42,0.35,0.13,0.12
20539,9.57,0.08,0.08,0.99,0.14,0.35,0.30,0.10,0.04
20627,9.75,0.09,0.32,1.04,0.30,0.58,0.54,0.12,0.23
20639,10.64,0.05,0.05,1.79,0.13,0.79,1.27,0.12,0.24
20663,9.07,0.10,0.07,-0.04,0.38,0.27,0.21,0.09,0.07
20860,9.12,0.22,0.15,0.37,0.21,0.69,0.29,0.24,0.15
21038,10.40,0.06,0.12,1.79,0.12,0.15,1.28,0.06,0.06
21174,9.63,0.14,0.22,0.94,0.23,0.36,1.11,0.33,0.34
21201,9.25,0.14,0.16,0.03,0.47,0.83,0.64,0.17,0.21
21226,9.39,0.06,0.04,0.33,0.26,0.24,0.78,0.13,0.17
21315,9.14,0.16,0.33,0.55,0.12,0.42,0.16,0.16,0.09
21329,9.90,0.10,0.16,1.41,0.23,0.26,1.50,0.27,0.20
21379,9.67,0.11,0.13,0.71,0.47,0.06,0.10,0.04,0.03
21708,10.47,0.05,0.05,1.74,0.05,0.06,1.17,0.07,0.08
21772,10.82,0.02,0.01,-2.27,0.77,1.17,0.24,0.11,0.11
21894,10.43,0.02,0.02,-2.19,0.75,1.18,0.29,0.13,0.14
21926,10.91,0.08,0.07,-0.81,0.75,1.07,0.50,0.12,0.13
21963,9.47,0.05,0.09,1.04,0.03,0.05,0.62,0.07,0.12
21971,9.23,0.08,0.08,0.43,0.16,0.24,0.38,0.08,0.08
22002,11.30,0.02,0.02,-1.31,0.71,1.14,0.34,0.11,0.11
22059,10.68,0.08,0.12,1.67,0.14,0.27,1.70,0.17,0.10
22173,9.67,0.12,0.08,1.59,0.04,0.03,1.82,0.09,0.12
22279,10.58,0.07,0.10,1.22,0.31,0.96,0.93,0.14,0.15
22312,9.06,0.20,0.18,0.10,0.47,0.76,0.16,0.15,0.12
22343,10.01,0.16,0.11,1.04,0.25,0.36,1.10,0.16,0.26
22371,10.87,0.03,0.04,1.94,0.10,0.22,0.90,0.07,0.07
22385,10.35,0.09,0.14,0.57,0.78,0.38,0.99,0.16,0.20
22456,10.46,0.06,0.08,1.11,0.33,0.06,1.16,0.22,0.06
22632,9.11,0.14,0.12,0.55,0.16,0.45,0.28,0.24,0.15
22697,9.33,0.07,0.11,0.09,0.29,0.41,0.30,0.44,0.12
22727,8.99,0.33,0.09,0.55,0.12,0.67,0.32,0.47,0.15
22795,10.12,0.07,0.05,-1.11,0.66,1.13,1.44,0.19,0.16
22804,9.30,0.06,0.04,0.91,0.04,0.08,0.23,0.15,0.05
22833,9.47,0.07,0.07,0.11,0.19,0.21,0.72,0.10,0.12
22834,10.52,0.08,0.07,1.59,0.24,0.34,0.76,0.12,0.11
22847,10.42,0.06,0.10,-0.62,0.54,0.70,0.47,0.26,0.28
22857,10.00,0.08,0.05,0.60,0.97,0.17,0.94,0.12,0.30
22919,10.81,0.02,0.02,-1.61,0.65,1.15,0.53,0.12,0.10
23053,9.98,0.11,0.06,1.72,0.09,0.14,0.54,0.07,0.10
23086,9.22,0.13,0.13,0.29,0.21,0.08,0.52,0.10,0.11
23156,9.23,0.08,0.07,0.46,0.20,0.27,0.18,0.05,0.04
23250,9.94,0.08,0.07,0.04,0.31,0.34,0.87,0.24,0.16
23316,10.16,0.08,0.06,-0.53,0.81,1.16,1.11,0.15,0.14
23351,9.66,0.09,0.12,-0.36,0.18,0.17,0.25,0.10,0.09
23441,10.22,0.07,0.09,0.83,0.42,0.10,1.30,0.29,0.19
23451,9.24,0.25,0.09,0.93,0.14,0.19,0.54,0.09,0.27
23491,9.79,0.12,0.09,0.32,0.58,0.95,0.73,0.31,0.20
23570,9.65,0.25,0.14,0.62,0.52,0.24,0.45,0.81,0.27
23579,10.41,0.06,0.06,0.27,0.79,1.42,0.58,0.20,0.18
23685,9.37,0.18,0.09,1.15,0.12,0.17,0.14,0.44,0.03
23720,9.10,0.12,0.09,0.42,0.26,0.56,0.29,0.06,0.07
23761,10.70,0.06,0.07,0.27,0.81,1.13,1.24,0.15,0.18
23795,10.64,0.06,0.03,-0.08,0.45,0.75,0.23,0.15,0.12
23817,9.16,0.08,0.08,1.09,0.11,0.87,0.53,0.15,0.21
23844,9.52,0.27,0.10,1.33,0.07,0.20,0.44,0.10,0.23
23851,9.15,0.19,0.18,0.61,0.27,0.08,0.13,0.67,0.07
23855,9.84,0.12,0.11,1.44,0.13,0.69,1.30,0.26,0.24
23882,9.77,0.08,0.10,-0.03,0.65,0.63,0.98,0.31,0.33
23903,9.25,0.09,0.13,0.58,0.14,0.15,0.14,0.09,0.09
23927,10.38,0.06,0.07,1.13,0.31,0.73,1.06,0.12,0.29
23941,9.45,0.18,0.12,1.14,0.14,0.38,0.83,0.12,0.17
24066,8.84,0.34,0.14,0.06,0.33,0.15,0.15,0.06,0.09
24130,10.89,0.06,0.18,1.27,0.34,0.92,0.66,0.15,0.15
24144,9.40,0.18,0.15,0.76,0.18,0.89,0.48,0.24,0.19
24185,10.37,0.06,0.07,1.34,0.38,0.66,0.73,0.19,0.25
24257,9.62,0.14,0.10,1.22,0.12,1.03,0.47,0.08,0.20
24313,10.13,0.04,0.04,0.35,0.35,0.58,0.11,0.06,0.06
24316,10.31,0.15,0.09,1.73,0.11,0.18,0.60,0.09,0.13
24336,9.38,0.09,0.18,-0.36,0.64,0.40,0.42,0.25,0.16
24348,10.99,0.02,0.02,-1.62,0.69,0.96,0.50,0.11,0.11
24354,10.47,0.05,0.08,1.29,0.25,0.26,0.92,0.18,0.20
24355,9.72,0.08,0.11,1.36,0.09,0.13,0.42,0.11,0.11
24372,11.00,0.06,0.10,-0.89,1.83,0.96,0.75,0.13,0.10
24389,9.28,0.12,0.15,0.72,0.07,0.12,0.13,0.12,0.09
24408,9.87,0.09,0.13,-1.34,0.76,1.14,0.45,0.25,0.22
24497,10.86,0.04,0.03,2.86,0.02,0.02,1.39,0.04,0.03
24511,9.93,0.09,0.09,0.76,0.30,0.27,0.92,0.16,0.14
24720,9.57,0.16,0.09,0.45,0.20,0.48,0.09,0.07,0.05
24779,11.04,0.06,0.09,2.16,0.09,0.12,1.22,0.12,0.15
24785,9.13,0.11,0.11,0.86,0.06,0.17,0.23,0.09,0.10
24786,9.96,0.10,0.10,1.93,0.11,0.10,2.40,0.21,0.18
24814,9.68,0.10,0.15,1.09,0.10,0.26,0.40,0.12,0.13
24851,9.30,0.21,0.10,0.26,0.82,0.10,0.97,0.56,0.15
24862,10.08,0.11,0.12,1.51,0.07,0.11,1.75,0.11,0.12
24943,10.14,0.10,0.11,1.71,0.12,0.64,1.04,0.09,0.13
25028,9.56,0.10,0.10,0.48,0.74,0.60,0.29,0.37,0.13
25037,10.06,0.12,0.19,1.53,0.16,0.42,1.54,0.33,0.24
25060,10.96,0.02,0.02,-2.17,0.83,1.20,0.30,0.10,0.11
25120,10.18,0.10,0.11,1.01,0.44,0.16,1.49,0.19,0.16
25137,9.99,0.07,0.15,0.99,0.19,0.49,0.19,0.28,0.06
25206,11.51,0.04,0.05,1.27,0.74,0.91,0.99,0.17,0.18
25211,9.15,0.20,0.12,0.79,0.11,0.20,0.37,0.16,0.16
25246,10.67,0.06,0.05,1.23,0.12,0.21,0.14,0.13,0.08
25248,9.13,0.11,0.06,0.89,0.12,0.32,0.62,0.08,0.15
25250,10.92,0.02,0.03,-1.94,0.76,1.15,0.35,0.11,0.10
25270,9.86,0.07,0.10,1.22,0.09,0.11,0.91,0.09,0.11
25295,10.75,0.09,0.08,2.16,0.08,0.12,1.47,0.10,0.16
25341,9.30,0.14,0.14,0.82,0.21,0.56,0.81,0.23,0.63
25373,9.63,0.10,0.20,0.52,0.47,0.34,0.50,0.09,0.20
25389,9.28,0.15,0.13,0.07,0.43,1.17,0.33,0.16,0.15
25406,9.39,0.17,0.25,0.43,0.43,0.56,0.38,0.14,0.07
25465,10.97,0.04,0.02,-1.38,0.86,1.32,0.24,0.12,0.14
25489,11.01,0.05,0.07,-0.75,0.75,0.92,0.68,0.16,0.15
25565,9.36,0.07,0.11,-0.30,0.48,0.85,0.60,0.27,0.18
25573,10.94,0.05,0.10,0.64,0.82,1.43,0.93,0.24,0.15
25681,9.65,0.10,0.13,-0.13,0.53,1.06,0.59,0.18,0.16
25794,9.83,0.11,0.15,0.05,0.81,0.95,0.90,0.37,0.30
26039,9.57,0.09,0.09,0.23,0.43,0.12,0.39,0.08,0.12
26092,10.33,0.15,0.10,1.77,0.24,0.87,0.72,0.08,0.17
26173,10.19,0.10,0.04,-0.55,0.56,0.82,0.75,0.13,0.14
26185,10.16,0.12,0.09,1.72,0.08,0.14,1.60,0.09,0.10
26255,9.80,0.09,0.07,1.21,0.25,0.18,0.26,0.03,0.04
26300,10.27,0.04,0.04,1.64,0.04,0.08,1.41,0.08,0.08
26345,9.51,0.07,0.08,1.12,0.23,0.32,0.45,0.08,0.08
26397,9.18,0.14,0.18,0.73,0.08,0.15,0.38,0.09,0.15
26398,10.29,0.12,0.19,1.50,0.20,0.23,1.05,0.20,0.18
26476,9.51,0.09,0.07,0.91,0.20,0.34,0.40,0.10,0.14
26491,9.32,0.20,0.44,0.91,0.12,0.69,0.45,0.21,0.27
26535,10.97,0.02,0.02,-1.64,0.70,1.09,0.32,0.11,0.11
26600,8.93,0.08,0.07,0.04,0.40,0.12,0.21,0.05,0.03
26605,9.23,0.12,0.10,0.81,0.08,0.74,0.33,0.44,0.22
26618,9.78,0.07,0.10,-0.10,0.52,0.56,1.38,0.11,0.40
26647,9.97,0.06,0.39,-0.47,1.46,1.57,1.37,0.12,0.63
26722,10.37,0.06,0.06,0.42,0.55,1.06,1.33,0.13,0.12
26755,11.19,0.05,0.05,1.85,0.27,2.29,0.92,0.12,0.11
