# ID      tau_v16   tau_v50   tau_v84   age_mw16   age_mw50   age_mw84   Mstar16   Mstar50   Mstar84   SFR16_7   SFR50_7   SFR84_7   SFR16_8   SFR50_8   SFR84_8   Av        Av_std             AGNFRAC_8_1000  
  21      1.212     3.232     4.267     9.125      9.225      9.225      9.802     9.862     9.882     0.272     0.407     0.427     0.277     0.412     0.437     0.915     0.022195663991     0.0             
  25      0.157     0.157     0.157     9.425      9.425      9.425      9.692     9.702     9.717     0.032     0.042     0.057     0.032     0.042     0.057     0.1025    0.00252932303196   0.05543         
  40      0.727     0.837     1.262     8.775      8.875      8.975      10.18     10.24     10.29     0.897     1.127     1.242     0.907     1.137     1.247     0.6125    0.0155831286974    0.01417         
  58      0.822     0.822     0.822     8.725      8.725      8.725      10.02     10.03     10.04     1.047     1.067     1.082     1.052     1.072     1.087     0.54      0.0124069375754    0.01639         
  79      2.272     3.097     3.877     8.875      9.125      9.225      10.97     11.03     11.07     1.247     1.667     1.762     1.257     1.672     1.767     1.9325    0.0389941675126    0.004674        
  143     0.467     0.677     0.887     8.825      9.075      9.225      9.367     9.507     9.587     0.167     0.242     0.317     0.172     0.252     0.327     0.705     0.0147104546157    0.003535        
  170     0.587     0.587     0.587     8.025      8.025      8.025      8.312     8.322     8.322     0.092     0.102     0.102     0.107     0.117     0.117     0.315     0.00775979864429   0.1038          
  190     0.212     0.212     0.212     9.425      9.425      9.425      9.672     9.677     9.687     -0.893    -0.893    -0.883    -0.873    -0.873    -0.863    0.145     0.00286127157047   0.3508          
  239     0.192     0.192     0.232     9.025      9.025      9.075      9.222     9.237     9.297     -0.113    -0.003    0.017     -0.013    0.007     0.037     0.0975    0.00254281340251   0.01568         
  267     2.932     2.932     3.172     8.625      8.625      8.725      10.16     10.16     10.33     1.357     1.387     1.397     1.367     1.392     1.402     2.2925    0.0465884642374    0.004794        
  274     0.762     0.972     3.567     8.775      8.975      9.075      9.937     10.03     10.09     0.712     0.847     0.907     0.727     0.852     0.917     0.48125   0.0113723909096    0.007724        
  300     1.147     1.587     2.687     8.875      9.125      9.175      10.0      10.11     10.17     0.487     0.717     0.852     0.502     0.722     0.852     0.1575    0.00564773184562   0.05101         
  344     1.712     1.712     3.362     8.425      8.425      8.475      9.212     9.217     9.222     0.577     0.617     0.622     0.577     0.627     0.632     0.3475    0.0101364441497    0.02051         
  407     1.387     1.387     1.387     9.275      9.275      9.275      9.412     9.427     9.427     -1.633    -1.618    -1.618    -1.618    -1.603    -1.603    0.34      0.00639884950597   0.0             
  482     2.982     3.272     3.812     8.975      9.175      9.225      10.56     10.63     10.66     0.292     1.077     1.157     0.307     1.087     1.157     2.095     0.040891617723     0.005359        
  499     3.247     3.247     3.247     9.425      9.425      9.425      10.27     10.27     10.28     -0.768    -0.763    -0.753    -0.753    -0.748    -0.738    0.2425    0.00494915144242   0.001498        
  513     1.532     2.237     2.632     8.675      8.825      9.275      9.977     10.03     10.16     -0.368    0.692     1.177     -0.243    0.707     1.182     1.71      0.0349560595605    0.003878        
  528     3.352     3.352     4.012     9.025      9.025      9.025      11.15     11.17     11.25     0.867     0.882     1.092     0.882     0.897     1.102     1.7025    0.0314634943228    0.002426        
  533     0.702     1.712     1.712     8.025      8.025      8.575      8.912     8.927     9.042     0.267     0.702     0.707     0.277     0.712     0.717     0.77125   0.0176278189235    1.363E-4        
  570     0.892     1.567     2.627     7.875      7.925      8.125      8.762     8.827     8.842     0.522     0.637     0.732     0.532     0.637     0.742     0.315     0.00881178046708   0.01023         
  601     0.212     0.252     0.512     8.425      8.775      8.825      9.172     9.217     9.302     0.242     0.282     0.507     0.252     0.287     0.512     0.23      0.00456693277813   0.0314          
  744     0.647     1.167     2.072     8.625      8.775      8.925      9.947     9.977     10.04     0.737     0.882     1.077     0.737     0.892     1.092     0.44      0.009088454214     0.01979         
  797     2.017     2.687     4.102     8.925      9.175      9.225      10.52     10.56     10.61     0.992     1.177     1.282     1.002     1.182     1.297     1.995     0.0395760521022    0.001699        
  931     1.997     2.427     2.427     8.925      8.925      9.025      9.557     9.572     9.577     0.152     0.437     0.457     0.252     0.457     0.462     0.8325    0.017760867096     0.0             
  952     0.487     2.507     3.517     8.375      8.525      8.825      8.997     9.032     9.087     0.077     0.297     0.402     0.137     0.317     0.437     0.4375    0.0109731615772    0.03531         
  994     1.862     2.122     3.077     8.625      9.025      9.125      9.827     9.867     9.897     -0.708    -0.273    0.362     -0.698    -0.258    0.362     1.035     0.0191105572917    0.03531         
  1025    1.772     4.587     4.587     9.125      9.125      9.175      9.612     9.632     9.762     -0.108    -0.088    0.332     -0.098    -0.078    0.342     0.155     0.00516474587952   0.06942         
  1205    1.047     1.047     1.127     8.425      8.475      8.475      8.807     8.832     8.842     0.142     0.152     0.172     0.147     0.162     0.182     0.275     0.00733655232381   0.01018         
  1256    2.952     2.952     2.952     9.175      9.175      9.175      11.35     11.35     11.36     0.967     0.972     0.977     0.987     0.992     0.997     1.8975    0.035139107843     6.837E-4        
  1603    0.662     0.817     0.817     8.075      8.075      8.375      8.997     9.067     9.102     0.617     0.732     0.817     0.622     0.742     0.822     0.4075    0.0108323081566    0.007441        
  1609    0.677     0.677     0.677     8.625      8.625      8.625      8.992     8.992     9.007     0.177     0.177     0.177     0.182     0.182     0.182     0.355     0.00785159856335   0.0             
  1695    1.042     1.042     1.042     8.275      8.275      8.275      9.122     9.132     9.142     0.642     0.652     0.662     0.652     0.662     0.672     0.76      0.0155558180434    0.002491        
  1772    4.252     4.252     4.252     8.875      8.875      8.875      9.797     9.802     9.807     -0.843    -0.838    -0.833    0.312     0.317     0.322     2.45      0.0452485789832    0.006087        
  1826    1.392     1.392     1.392     7.725      7.725      7.725      8.567     8.587     8.627     0.637     0.657     0.692     0.647     0.667     0.702     0.9025    0.0204123118485    0.02177         
  1848    2.142     3.177     4.832     8.825      8.925      9.025      10.58     10.64     10.7      1.342     1.442     1.572     1.352     1.442     1.567     1.87      0.0382524937096    0.005737        
  1851    3.337     3.337     3.337     9.225      9.225      9.225      10.85     10.86     10.86     0.512     0.522     0.527     0.517     0.527     0.532     0.655     0.0133031349689    1.121E-4        
  1862    1.682     2.467     3.497     8.825      8.925      9.325      10.04     10.11     10.25     0.057     0.387     0.967     0.067     0.392     0.977     1.1975    0.0229207738744    0.008826        
  1872    1.242     3.382     3.512     9.025      9.125      9.225      9.802     9.817     9.852     0.127     0.227     0.567     0.217     0.247     0.602     0.6175    0.0137609193007    0.006374        
  1886    3.387     4.142     4.142     8.775      8.775      8.875      10.11     10.11     10.13     1.002     1.087     1.092     1.007     1.092     1.097     1.845     0.0363955611991    0.003811        
  1918    0.832     1.032     1.742     9.325      9.475      9.575      10.46     10.56     10.6      0.117     0.217     0.542     0.132     0.217     0.547     1.1675    0.0221502477413    0.03221         
  2013    1.377     2.307     2.937     8.875      8.875      9.025      9.802     9.822     9.852     0.577     0.607     0.627     0.582     0.617     0.927     0.50125   0.0136340346193    0.016           
  2046    1.052     1.537     4.222     8.575      8.775      8.875      9.892     9.942     9.967     0.682     0.982     1.142     0.817     0.992     1.147     0.6475    0.0148099831195    0.005446        
  2068    1.217     1.217     1.217     8.975      8.975      8.975      9.042     9.042     9.042     -0.163    -0.163    -0.163    -0.153    -0.153    -0.153    0.19      0.00492071895154   0.15            
  2096    2.212     2.297     3.917     8.725      8.825      8.975      9.417     9.437     9.532     0.062     0.327     0.492     0.067     0.342     0.507     1.19      0.0257568515157    0.01716         
  2100    1.257     1.927     2.122     8.575      8.575      8.575      9.117     9.132     9.147     0.337     0.362     0.432     0.337     0.367     0.432     0.2275    0.0075989653901    0.01784         
  2102    0.272     1.022     1.022     8.525      8.525      9.075      9.212     9.212     9.392     0.172     0.502     0.502     0.172     0.507     0.507     0.39      0.0100085513437    0.0             
  2149    0.137     0.137     0.137     8.975      8.975      8.975      8.907     8.927     8.927     0.147     0.167     0.167     -0.078    -0.058    -0.058    0.0325    0.00185245782678   0.0             
  2228    1.987     2.677     3.072     9.025      9.225      9.275      10.53     10.56     10.65     0.992     1.112     1.152     1.002     1.117     1.152     2.3475    0.0457455506033    7.946E-4        
  2583    0.687     0.687     2.292     8.725      8.875      8.875      9.642     9.797     9.817     0.732     0.817     0.832     0.732     0.927     0.947     0.655     0.0127620962228    0.006438        
  2697    0.972     1.147     3.882     8.725      8.925      8.975      9.962     9.987     10.03     0.707     0.822     1.057     0.717     0.832     1.057     0.645     0.0167491275892    0.002549        
  2784    0.397     0.482     0.482     8.725      8.775      8.775      9.392     9.407     9.412     0.427     0.432     0.477     0.437     0.442     0.482     0.1025    0.0046757352363    0.004569        
  2793    2.427     3.322     3.702     8.825      8.975      9.175      10.56     10.62     10.73     0.712     0.837     1.067     0.722     0.842     1.072     1.6       0.0307250728233    0.01049         
  2862    1.427     1.427     1.427     9.575      9.575      9.575      10.67     10.68     10.69     -0.303    -0.298    -0.288    -0.293    -0.288    -0.278    0.6925    0.012948678504     0.01157         
  2903    1.687     2.177     2.177     8.775      8.775      8.875      9.557     9.572     9.597     0.182     0.197     0.327     0.192     0.207     0.342     0.3775    0.01029594459      0.06327         
  2921    2.322     2.707     3.747     8.825      8.925      9.025      10.2      10.22     10.27     1.042     1.087     1.127     1.052     1.097     1.167     1.3875    0.0295161561691    0.007821        
  2976    0.977     0.977     0.977     8.675      8.675      8.675      9.792     9.822     9.837     0.867     0.897     0.912     0.887     0.917     0.932     0.1325    0.00671825870297   0.04845         
  3315    0.707     0.707     0.707     8.375      8.375      8.375      8.977     8.987     8.997     0.412     0.422     0.432     0.412     0.422     0.432     0.2225    0.00702772367129   0.0325          
  3336    0.002     0.002     0.002     7.075      7.075      7.075      7.002     7.002     7.002     -2.998    -2.998    -2.998    -2.998    -2.998    -2.998    0.13      0.00395253083479   0.0             
  3371    1.762     1.762     1.762     9.225      9.225      9.225      10.21     10.21     10.22     0.222     0.222     0.232     0.222     0.222     0.232     0.9825    0.019758716431     0.0             
  3404    1.042     1.172     3.192     8.825      8.925      9.425      10.03     10.09     10.34     -0.363    0.927     0.997     0.932     0.997     1.022     0.4575    0.0117977487259    0.01249         
  3412    1.917     1.917     1.917     8.975      8.975      8.975      9.037     9.037     9.037     -0.183    -0.183    -0.183    -0.173    -0.173    -0.173    0.1925    0.00537377893107   0.0             
  3432    0.797     2.592     2.912     8.125      8.575      8.675      8.892     8.937     8.972     0.072     0.602     0.782     0.077     0.562     0.587     1.0425    0.0263809116598    0.001192        
  3451    0.242     1.942     1.942     8.275      8.325      8.675      8.787     8.812     8.882     -0.018    0.292     0.327     -0.013    0.302     0.332     0.31      0.00861187552163   0.01491         
  3458    0.182     3.167     3.167     8.675      9.275      9.275      9.377     9.517     9.547     0.347     0.942     0.967     0.347     0.942     0.967     0.7275    0.0166134125032    0.001667        
  3591    0.907     1.702     3.982     8.975      9.075      9.575      9.042     9.192     9.447     0.247     0.577     0.872     0.327     0.557     0.592     0.92      0.024894093677     0.002617        
  3631    0.337     1.057     1.362     8.275      9.025      9.275      9.142     9.192     9.312     0.392     0.767     0.842     0.402     0.767     0.842     0.53      0.0140802512407    0.001379        
  3647    3.547     3.547     3.547     9.325      9.325      9.325      11.13     11.14     11.15     0.067     0.077     0.087     0.082     0.092     0.102     0.97      0.0181058409084    0.0             
  3653    0.322     0.322     0.322     8.725      8.725      8.725      9.177     9.192     9.202     0.297     0.302     0.322     0.297     0.302     0.322     0.185     0.00449476362004   0.009248        
  3683    0.852     1.797     3.677     8.875      9.125      9.275      10.23     10.29     10.35     0.547     1.017     1.152     0.552     1.017     1.162     1.0325    0.0237703276166    0.01214         
  3707    0.512     0.512     0.512     8.775      8.775      8.775      9.267     9.267     9.272     0.342     0.342     0.347     0.347     0.347     0.352     0.27      0.00632916068685   0.0             
  3767    2.117     2.117     2.117     9.325      9.325      9.325      10.61     10.61     10.62     -0.923    -0.918    -0.913    -0.908    -0.903    -0.898    0.375     0.00716263045256   0.005136        
  3811    0.342     0.342     1.457     8.275      9.025      9.025      8.807     8.837     8.857     0.382     0.417     0.432     -0.168    -0.138    0.387     0.63      0.0139117028073    0.03452         
  3871    0.352     0.352     0.467     8.375      8.425      8.425      8.867     8.917     8.922     0.287     0.292     0.302     0.292     0.297     0.302     0.1675    0.00441185618533   0.1429          
  4056    1.007     1.007     1.007     7.925      7.925      7.925      8.732     8.742     8.747     0.582     0.592     0.597     0.592     0.602     0.607     0.745     0.0159786858033    0.001396        
  4062    3.097     3.097     3.097     9.325      9.325      9.325      10.7      10.71     10.71     -0.388    -0.383    -0.378    -0.368    -0.363    -0.358    0.505     0.00955938674811   0.04214         
  4171    1.687     2.717     4.197     9.075      9.325      9.375      10.71     10.79     10.8      1.092     1.142     1.317     1.107     1.162     1.387     1.0425    0.0239797497902    0.01205         
  4187    0.812     1.347     1.347     8.275      8.275      8.625      9.642     9.652     9.777     1.017     1.037     1.212     1.032     1.047     1.147     0.5475    0.0119328077165    0.002373        
  4216    1.647     2.057     2.412     8.975      8.975      9.225      11.09     11.13     11.32     1.567     1.727     1.947     1.582     1.732     1.952     1.5825    0.0318833420457    7.03E-5         
  4348    2.642     3.277     3.957     8.825      9.025      9.175      10.5      10.55     10.62     1.097     1.312     1.552     1.112     1.312     1.552     2.3075    0.0460917397697    0.001156        
  4376    2.592     2.602     2.852     8.775      8.875      8.875      10.97     10.98     11.02     1.647     1.657     1.832     1.652     1.662     1.837     1.715     0.0340014058533    0.02781         
  4459    4.222     4.222     4.222     9.325      9.325      9.325      10.18     10.19     10.19     -0.753    -0.748    -0.743    -0.738    -0.733    -0.728    0.555     0.0105403166461    0.002436        
  4529    0.002     0.002     0.002     7.075      7.075      7.075      7.002     7.002     7.002     -2.998    -2.998    -2.998    -2.998    -2.998    -2.998    2.2225    0.0410695398075    0.0             
  4589    0.322     0.322     0.342     8.825      8.925      8.925      9.147     9.207     9.217     0.107     0.117     0.142     0.107     0.117     0.142     0.165     0.00421524317211   0.01497         
  4608    2.922     2.922     2.922     9.075      9.075      9.075      11.03     11.04     11.05     0.947     0.957     0.962     0.957     0.967     0.972     1.3725    0.0261665220272    0.002739        
  4644    2.147     2.212     3.192     9.025      9.275      9.275      9.722     9.837     9.852     0.167     0.372     0.487     0.177     0.372     0.487     2.4325    0.0468873266459    0.003941        
  5012    0.947     2.192     2.192     8.325      8.875      8.975      9.592     9.717     9.742     0.962     1.217     1.247     0.972     1.217     1.247     0.5875    0.0158921238354    0.004222        
  5068    4.937     4.937     4.937     9.075      9.075      9.075      10.02     10.02     10.02     -0.268    -0.268    -0.268    -0.268    -0.268    -0.268    2.1125    0.0392069623919    4.001E-4        
  5219    1.337     4.347     4.347     8.675      8.675      8.675      9.582     9.587     9.597     0.527     0.537     0.542     0.532     0.542     0.547     0.4375    0.0109501997699    0.1018          
  5568    0.982     1.082     3.152     8.775      8.975      9.075      9.362     9.387     9.457     0.062     0.182     0.272     0.072     0.187     0.287     0.3025    0.00914090258126   0.0             
  5789    0.107     0.107     0.107     8.875      8.875      8.875      9.317     9.322     9.327     -0.588    -0.583    -0.578    -0.583    -0.578    -0.573    0.0125    0.0010441623437    0.0             
  5845    0.242     0.242     0.242     9.225      9.225      9.225      9.102     9.127     9.142     -0.168    -0.143    -0.128    -0.168    -0.143    -0.128    1.25      0.032137573026     0.002521        
  5950    4.297     4.297     4.297     9.175      9.175      9.175      10.47     10.47     10.47     -0.333    -0.333    -0.333    -0.323    -0.323    -0.323    2.3475    0.0433331659933    0.0             
  6141    1.022     1.247     3.802     8.325      8.425      8.425      9.527     9.557     9.577     0.952     0.957     0.962     0.957     0.967     0.977     0.3675    0.0102663174995    0.001649        
  6159    0.702     1.412     2.212     8.175      8.575      9.025      9.437     9.477     9.557     0.697     1.062     1.087     0.717     1.072     1.087     0.7425    0.0156228190478    0.003759        
  6221    2.347     2.667     3.697     8.675      9.025      9.175      10.96     11.04     11.09     1.712     1.747     2.047     1.717     1.752     2.062     2.01      0.0398437460588    3.738E-4        
  6401    1.607     1.607     1.607     9.275      9.275      9.275      10.6      10.61     10.61     -0.453    -0.448    -0.448    -0.438    -0.433    -0.433    1.12      0.0208045974486    0.002715        
  6665    3.267     3.267     3.267     7.925      7.925      7.925      9.172     9.172     9.187     1.032     1.032     1.047     1.042     1.042     1.057     0.7       0.0155128462894    0.001562        
  7011    2.487     2.487     2.487     8.975      8.975      8.975      9.922     9.932     9.942     0.007     0.017     0.027     0.017     0.027     0.037     0.185     0.00445049154589   0.1055          
  7094    0.002     0.002     0.002     7.075      7.075      7.075      7.002     7.002     7.002     -2.998    -2.998    -2.998    -2.998    -2.998    -2.998    0.155     0.00467994658089   0.0             
  7183    2.542     2.657     3.382     8.775      8.875      9.025      10.92     11.03     11.06     1.772     1.932     2.017     1.792     1.937     2.017     1.645     0.0344294336288    0.001245        
  7195    2.877     3.327     3.677     9.025      9.075      9.225      10.85     10.95     11.01     1.377     1.577     1.652     1.587     1.657     1.912     1.2175    0.0260343734321    0.002005        
  7219    0.002     0.002     0.002     7.075      7.075      7.075      7.002     7.002     7.002     -2.998    -2.998    -2.998    -2.998    -2.998    -2.998    2.16      0.039923421697     0.0             
  7603    0.482     0.927     0.927     8.125      8.125      8.375      8.837     8.847     8.902     0.367     0.517     0.527     0.372     0.517     0.527     0.355     0.00985991379273   0.004707        
  7649    0.397     0.427     0.897     8.825      9.175      9.325      9.447     9.512     9.557     0.087     0.232     0.507     0.092     0.232     0.507     0.59      0.0118674807773    0.0             
  7764    0.797     1.252     2.517     8.525      8.775      9.175      9.227     9.287     9.417     -0.088    0.307     0.512     -0.193    0.322     0.522     0.5075    0.0124002983835    0.02892         
  7772    1.297     1.502     2.477     8.775      8.875      8.975      9.547     9.572     9.627     0.347     0.527     0.597     0.357     0.537     0.607     0.76      0.0172217565887    0.01625         
  7837    1.152     1.217     1.392     8.625      8.775      8.775      10.36     10.43     10.46     1.322     1.462     1.542     1.337     1.467     1.547     0.76      0.0172217275556    0.01046         
  7886    1.622     2.562     5.012     9.225      9.275      9.425      10.69     10.73     10.82     0.632     0.752     0.957     0.632     0.757     0.972     0.96      0.0211858744214    0.009578        
  7988    1.377     1.377     2.552     8.825      8.875      8.925      9.782     9.797     9.882     0.572     0.587     0.797     0.577     0.592     0.807     0.9675    0.0221827472374    0.006625        
  8038    0.627     2.427     3.012     8.975      9.075      9.375      9.557     9.672     9.702     -0.228    0.197     0.472     -0.218    0.207     0.472     0.175     0.00504552029032   0.2095          
  8041    4.222     4.222     4.222     9.325      9.325      9.325      10.47     10.47     10.48     -0.468    -0.463    -0.458    -0.453    -0.448    -0.443    0.555     0.0105540560923    0.0             
  8067    1.287     1.287     4.007     9.025      9.275      9.275      10.42     10.43     10.48     -0.463    -0.458    -0.043    -0.453    -0.448    -0.033    1.03375   0.0194123028       0.003376        
  8113    0.782     0.782     1.127     8.825      8.875      8.875      9.227     9.247     9.247     0.192     0.192     0.212     0.192     0.192     0.217     0.3075    0.00756561134344   0.0             
  8154    2.437     3.032     3.427     8.875      8.925      9.075      10.51     10.55     10.62     1.302     1.402     1.507     1.312     1.407     1.512     2.425     0.0473554379137    0.00121         
  8167    3.992     3.992     3.992     8.825      8.825      8.825      10.69     10.7      10.7      0.482     0.487     0.487     0.487     0.492     0.492     3.085     0.0569138383875    0.001703        
  8402    1.957     1.957     3.597     8.825      8.875      8.875      9.827     9.847     9.887     0.747     0.832     0.857     0.762     0.832     0.857     0.8525    0.0206942135632    0.004876        
  8461    1.127     2.072     3.607     8.425      8.525      8.725      9.037     9.077     9.117     0.207     0.372     0.467     0.212     0.372     0.477     0.74      0.0145776155458    0.007766        
  8540    0.002     0.002     0.002     7.075      7.075      7.075      7.002     7.002     7.002     -2.998    -2.998    -2.998    -2.998    -2.998    -2.998    0.275     0.00918323880774   0.0             
  8586    0.367     0.367     0.367     8.425      8.425      8.425      8.942     8.952     8.957     -0.558    -0.548    -0.543    0.637     0.647     0.652     0.065     0.00180468141233   0.0             
  8976    0.222     0.222     4.282     8.225      8.725      8.725      8.877     9.107     9.117     0.227     0.232     0.462     0.227     0.237     0.467     0.3675    0.00695084707068   8.881E-4        
  9026    3.472     3.547     3.547     8.875      8.875      9.325      10.39     10.53     10.54     0.072     0.842     0.852     0.077     0.842     0.852     1.7875    0.0333558300751    0.001102        
  9372    0.607     2.322     2.322     8.475      8.475      8.475      8.752     8.782     8.792     0.097     0.132     0.142     0.097     0.142     0.152     0.255     0.00666122173479   0.0465          
  9380    3.822     3.822     3.822     8.425      8.425      8.425      9.807     9.817     9.827     0.472     0.477     0.487     1.132     1.142     1.152     2.06      0.038613234454     0.004022        
  9606    0.512     0.512     2.827     8.225      8.775      8.775      8.842     8.957     8.972     0.037     0.052     0.397     0.042     0.057     0.407     0.88125   0.0182060944466    0.003968        
  9769    2.877     2.877     3.902     8.575      8.875      9.225      10.83     10.84     10.95     1.507     1.787     2.047     1.777     1.792     2.172     3.105     0.0595258355674    5.344E-4        
  9871    1.917     2.177     4.172     8.625      8.775      8.925      9.447     9.477     9.552     0.477     0.547     0.662     0.482     0.552     0.662     0.2975    0.0100492487281    0.01365         
  9884    0.307     0.327     0.327     8.125      9.175      9.175      9.352     9.587     9.597     1.042     1.192     1.202     0.867     0.882     1.052     0.1475    0.006132079582     0.01145         
  10056   1.572     1.572     2.287     9.075      9.225      9.225      9.647     9.717     9.727     0.202     0.292     0.302     0.212     0.297     0.322     1.1525    0.0232041348686    4.855E-4        
  10075   4.572     4.572     4.572     8.725      8.725      8.725      9.047     9.057     9.062     0.087     0.097     0.102     0.092     0.102     0.107     0.2875    0.00629983333113   0.01486         
  10099   0.872     1.832     3.037     8.825      8.925      9.275      9.807     9.842     9.977     0.432     0.602     0.837     0.422     0.612     0.837     0.2675    0.00950328364304   0.02971         
  10246   0.447     0.547     0.547     8.725      8.725      8.725      9.042     9.092     9.092     0.042     0.112     0.117     0.057     0.122     0.127     0.28      0.0067062862301    0.1018          
  10413   1.527     1.742     4.012     9.075      9.075      9.325      11.16     11.19     11.28     1.692     1.767     1.842     1.707     1.782     1.847     1.215     0.0261710890106    0.005033        
  10465   1.147     1.147     1.147     8.725      8.725      8.725      9.287     9.292     9.297     0.327     0.332     0.337     0.337     0.342     0.347     0.1575    0.00573252780194   0.00365         
  10496   1.117     2.057     2.477     9.325      9.425      9.475      10.49     10.52     10.56     0.457     0.572     0.682     0.472     0.577     0.697     0.8575    0.0188503653811    0.008517        
  10679   0.432     0.432     0.432     8.775      8.775      8.775      9.677     9.707     9.717     0.772     0.787     0.797     0.777     0.792     0.802     0.3225    0.00733317121033   0.03188         
  11058   1.337     1.712     3.037     8.625      8.725      8.775      9.637     9.657     9.702     0.667     0.702     0.832     0.677     0.717     0.837     0.6225    0.0161124571373    0.008353        
  11156   0.737     0.737     0.737     8.425      8.425      8.425      9.052     9.062     9.067     0.427     0.442     0.442     0.432     0.447     0.447     0.18      0.00661675713624   0.04605         
  11425   0.422     0.422     0.487     8.625      8.675      8.675      8.952     8.967     8.977     0.052     0.067     0.182     0.067     0.082     0.182     0.1525    0.00473886853584   0.01362         
  11618   0.362     0.957     1.672     8.675      8.925      9.075      10.22     10.31     10.34     0.707     1.142     1.327     0.722     1.152     1.337     0.3825    0.0101688052396    0.02425         
  11981   2.607     2.607     2.607     9.275      9.275      9.275      10.58     10.58     10.59     -0.038    -0.033    -0.023    -0.028    -0.023    -0.013    0.8875    0.0170077658733    0.0             
  12216   0.747     1.332     2.297     8.925      8.975      9.125      9.547     9.597     9.642     0.227     0.382     0.442     0.232     0.387     0.442     0.3575    0.010358503753     0.03048         
  12304   0.337     0.337     3.832     8.475      8.725      8.725      9.457     9.517     9.542     0.547     0.577     0.807     0.557     0.592     0.807     0.1125    0.00402523291252   0.04279         
  12354   0.492     0.707     2.357     8.475      8.475      8.525      8.927     8.952     8.967     0.202     0.282     0.292     0.207     0.287     0.297     0.3       0.00824909692027   0.0363          
  12588   0.572     1.112     2.002     8.525      8.825      9.075      9.132     9.217     9.352     0.137     0.167     0.472     0.147     0.172     0.477     0.1725    0.0066318832167    0.0143          
  12829   0.682     0.682     0.682     9.225      9.225      9.225      9.537     9.552     9.557     0.127     0.137     0.142     0.127     0.137     0.142     0.365     0.00843774851486   0.001593        
  12997   0.502     0.702     1.132     8.575      8.625      8.625      9.472     9.492     9.512     0.657     0.712     0.737     0.667     0.712     0.737     0.3125    0.00828160612442   0.01314         
  13086   1.172     1.942     1.942     8.325      8.325      8.325      8.987     8.997     9.002     0.472     0.477     0.487     0.482     0.487     0.497     0.31      0.00853043228682   0.002718        
  13097   1.532     2.297     3.207     8.675      8.825      9.025      10.34     10.38     10.43     1.197     1.392     1.422     1.212     1.392     1.422     1.225     0.0252551672931    0.009772        
  13249   4.097     4.097     4.097     8.975      8.975      8.975      9.847     9.857     9.862     -0.378    -0.368    -0.363    -0.373    -0.363    -0.358    1.145     0.0213493302003    0.03407         
  13312   0.767     1.782     1.782     8.625      8.925      9.225      9.312     9.372     9.477     -0.948    -0.263    0.012     -0.943    -0.258    0.027     0.6675    0.0124585272003    0.02359         
  13400   1.587     2.272     2.272     8.275      9.225      9.225      9.487     9.537     9.562     0.997     1.442     1.467     1.007     1.442     1.467     1.11      0.0240986804618    0.001323        
  13601   1.957     1.957     2.657     8.875      8.975      8.975      11.07     11.09     11.12     1.612     1.627     1.982     1.627     1.642     1.992     1.8475    0.0372183674414    0.001041        
  13637   1.952     1.952     1.952     9.125      9.125      9.125      10.45     10.45     10.46     -0.253    -0.248    -0.238    -0.238    -0.233    -0.223    0.25      0.00503114301128   0.07305         
  13890   1.002     1.002     1.002     8.975      8.975      8.975      9.282     9.292     9.297     -0.048    -0.038    -0.033    -0.033    -0.023    -0.018    0.345     0.00952593696179   0.125           
  13903   1.097     1.097     1.097     8.775      8.775      8.775      9.372     9.382     9.392     0.497     0.507     0.512     0.437     0.447     0.457     0.785     0.0167786314996    0.03217         
  13995   0.352     0.637     2.022     8.025      8.275      8.675      8.792     8.892     8.937     0.172     0.412     0.557     0.177     0.417     0.557     0.555     0.0113045776126    0.01489         
  14098   1.597     1.632     1.732     8.425      8.575      8.625      9.477     9.502     9.512     0.672     0.727     0.862     0.682     0.732     0.862     0.665     0.0145891706413    0.00172         
  14099   0.767     1.382     3.267     8.475      8.725      8.775      9.757     9.782     9.802     0.847     0.922     1.117     0.852     0.927     1.122     0.665     0.0152124094081    0.004598        
  14222   0.787     0.827     2.527     8.725      8.975      9.075      9.097     9.157     9.227     -0.068    -0.063    0.192     -0.063    -0.058    0.197     0.4125    0.0097078627926    0.0             
  14246   3.747     4.197     4.197     8.525      8.575      8.575      10.41     10.51     10.52     1.687     1.767     1.777     1.692     1.772     1.782     3.28      0.0643931787925    6.816E-4        
  14288   0.737     0.737     1.192     8.225      8.225      9.275      9.027     9.042     9.227     0.597     0.612     0.837     0.602     0.617     0.837     0.4875    0.0139889054254    0.001398        
  14637   1.212     1.867     3.392     8.825      8.975      9.125      10.13     10.19     10.28     0.812     1.032     1.177     0.822     1.032     1.182     0.7175    0.0167158151162    0.01661         
  14650   4.037     4.037     4.037     8.875      8.875      8.875      8.952     8.952     8.952     -0.098    -0.098    -0.098    -0.093    -0.093    -0.093    0.18      0.00478778654495   0.1074          
  14773   2.772     2.772     2.772     9.275      9.275      9.275      9.597     9.597     9.597     0.727     0.727     0.727     0.732     0.732     0.732     0.95      0.0259066299429    0.0             
  14782   0.632     0.642     0.642     8.325      8.325      8.425      9.472     9.487     9.502     0.882     0.927     0.962     0.892     0.937     0.972     0.4       0.00905469353429   0.01377         
  15122   0.942     1.237     1.722     8.925      9.075      9.225      10.1      10.13     10.23     0.757     0.817     0.932     0.767     0.827     0.942     0.685     0.0155728931159    0.01055         
  15154   1.252     1.252     1.252     9.125      9.125      9.125      9.252     9.257     9.267     -1.508    -1.503    -1.493    -1.493    -1.488    -1.478    0.16      0.0033211594361    0.6266          
  15300   0.087     0.402     0.402     8.825      8.825      8.975      8.922     8.942     9.067     -0.043    0.322     0.342     -0.043    -0.013    0.007     0.1325    0.00594907345727   0.008053        
  15336   3.362     3.362     3.362     9.425      9.425      9.425      11.14     11.15     11.16     0.447     0.457     0.462     0.457     0.467     0.472     2.5525    0.0473983385785    6.792E-5        
  15585   0.552     0.552     0.927     8.125      8.975      8.975      8.982     9.132     9.142     -0.253    -0.248    0.662     0.667     0.697     0.702     0.9325    0.0186572532812    0.01979         
  15704   1.187     1.187     1.562     7.775      8.025      8.325      9.112     9.117     9.252     0.712     0.947     1.117     0.717     0.862     1.127     0.725     0.0174244619716    9.397E-4        
  15746   0.002     0.002     0.002     7.075      7.075      7.075      7.002     7.002     7.002     -2.998    -2.998    -2.998    -2.998    -2.998    -2.998    0.0175    0.00133506554146   0.08001         
  15753   0.702     0.702     0.782     8.825      9.125      9.125      9.492     9.642     9.652     0.267     0.282     0.437     0.272     0.287     0.447     0.085     0.00457749658656   0.01488         
  15775   2.212     2.337     3.082     8.925      9.075      9.175      10.56     10.58     10.69     1.232     1.332     1.352     1.237     1.337     1.357     1.445     0.0313075593907    0.002066        
  15870   0.542     0.662     0.662     8.525      8.525      8.625      9.472     9.482     9.567     0.707     0.732     0.747     0.722     0.742     0.757     0.2025    0.00688562814854   0.02961         
  15924   0.512     1.252     1.777     7.775      7.925      8.675      9.222     9.277     9.497     0.822     1.102     1.282     0.827     1.112     1.282     0.8575    0.0214498688807    0.006695        
  15959   0.502     2.312     2.312     8.625      8.625      8.975      9.517     9.537     9.682     0.377     0.747     0.767     0.387     0.752     0.767     0.495     0.0135492389085    0.01076         
  15967   3.192     3.422     3.422     9.125      9.125      9.125      10.33     10.35     10.36     0.022     0.037     0.552     0.022     0.037     0.577     1.7375    0.032161674008     0.006926        
  15988   1.082     1.332     1.767     8.875      9.125      9.175      9.722     9.787     9.812     0.367     0.437     0.657     0.367     0.442     0.657     0.3875    0.00957766150999   0.02016         
  15991   0.922     0.922     1.672     8.675      8.925      8.925      8.947     9.087     9.092     -0.323    -0.183    -0.178    -0.313    -0.178    -0.173    0.29      0.00684028325437   0.244           
  16048   0.417     1.527     1.802     8.675      8.675      9.125      9.832     9.847     9.962     -0.373    0.497     0.517     -0.358    0.512     0.527     0.57      0.0127677327666    0.02219         
  16049   3.357     3.772     3.772     8.575      8.575      8.575      10.2      10.21     10.24     1.352     1.367     1.382     1.377     1.387     1.407     1.195     0.026091892898     0.01228         
  16123   1.182     1.857     4.142     8.625      8.725      8.775      9.547     9.567     9.597     0.407     0.527     0.722     0.422     0.542     0.732     1.015     0.0210608024538    0.004916        
  16236   0.722     0.732     2.032     8.075      8.375      8.425      9.367     9.427     9.452     0.602     0.842     1.122     0.617     0.852     1.127     0.665     0.0129883640232    0.004102        
  16275   0.277     0.637     1.057     8.275      8.725      9.275      9.097     9.117     9.162     0.292     0.632     0.752     0.297     0.637     0.752     0.555     0.0112874388149    0.0             
  16336   4.222     4.222     4.222     9.325      9.325      9.325      10.82     10.83     10.83     -0.113    -0.108    -0.103    -0.098    -0.093    -0.088    0.555     0.0105545203586    0.00249         
  16360   4.222     4.222     4.222     9.325      9.325      9.325      10.42     10.43     10.43     -0.518    -0.508    -0.503    -0.503    -0.493    -0.488    0.555     0.0105895420109    0.002591        
  16435   1.852     1.957     2.162     8.925      9.125      9.275      10.72     10.73     10.81     0.967     1.032     1.047     0.977     1.032     1.047     1.095     0.0236252513214    0.01969         
  16440   3.282     3.707     3.722     8.725      8.875      8.875      10.84     10.89     10.91     1.522     1.732     1.912     1.847     1.947     2.092     2.18625   0.0416095767222    0.001214        
  16455   0.747     0.747     1.577     8.725      8.725      8.725      10.32     10.35     10.37     1.427     1.442     1.532     1.432     1.452     1.547     0.51      0.0114689799023    0.01158         
  16514   2.262     2.262     2.262     8.925      8.925      8.925      10.68     10.69     10.7      0.607     0.617     0.622     0.607     0.617     0.622     1.1175    0.0209682116548    7.509E-4        
  16697   1.027     1.027     2.067     8.375      8.725      8.775      9.702     9.767     9.792     0.827     0.852     1.142     0.837     0.862     1.152     1.1325    0.0250411780873    0.003357        
  16714   1.017     1.167     2.677     8.875      8.975      9.025      9.712     9.757     9.777     0.482     0.507     0.577     0.497     0.547     0.602     1.225     0.0239458242706    0.002798        
  16854   1.597     1.727     3.957     8.575      8.675      8.675      9.642     9.657     9.677     0.712     0.742     0.902     0.722     0.752     0.912     0.7975    0.0170571421991    0.006749        
  16871   0.817     0.862     1.302     8.125      8.425      8.475      8.692     8.862     8.872     0.172     0.237     0.352     0.177     0.247     0.362     0.45      0.0111203091234    0.0             
  16921   1.082     1.312     1.312     9.375      9.375      9.375      9.802     9.877     9.892     -1.033    -1.018    -0.763    -1.018    -1.003    -0.753    0.2       0.00413181255625   0.0452          
  17026   4.667     5.152     5.152     8.275      8.375      8.375      8.962     9.002     9.017     0.432     0.432     0.517     0.432     0.432     0.522     0.8625    0.0162385344166    0.0             
  17062   1.272     1.272     3.887     9.425      9.425      9.475      9.682     9.692     9.747     -1.448    -1.438    -1.028    -1.428    -1.418    -1.013    0.085     0.00210077961719   0.5419          
  17064   3.552     3.552     3.552     9.325      9.325      9.325      10.41     10.42     10.43     -0.688    -0.683    -0.673    -0.668    -0.663    -0.653    2.035     0.0375754637363    0.005378        
  17098   1.942     1.942     1.942     9.275      9.275      9.275      9.322     9.327     9.332     -0.968    -0.963    -0.958    0.667     0.672     0.677     0.1775    0.00358904931702   0.0             
  17185   1.507     1.507     1.992     8.525      8.525      8.725      9.117     9.122     9.177     0.242     0.392     0.397     0.252     0.402     0.407     0.5775    0.014159162228     0.09134         
  17211   3.452     3.452     4.192     8.625      8.625      9.075      10.76     10.78     10.84     1.452     1.817     1.947     1.472     1.937     1.957     2.815     0.0559875457133    5.182E-4        
  17214   1.647     2.027     4.047     9.025      9.075      9.225      10.14     10.16     10.25     0.607     0.807     0.862     0.622     0.817     0.867     0.9925    0.0218945946526    0.0107          
  17225   0.952     0.952     0.952     8.525      8.525      8.525      9.087     9.107     9.107     0.352     0.367     0.372     0.367     0.382     0.387     0.27      0.00744897811784   0.01264         
  17233   1.777     1.777     1.777     7.775      7.775      7.775      9.192     9.192     9.192     1.197     1.197     1.197     1.197     1.197     1.197     0.8575    0.0214237741773    4.17E-4         
  17245   2.982     3.002     3.347     8.975      9.175      9.225      10.4      10.43     10.56     0.767     1.002     1.077     0.772     1.002     1.087     2.095     0.0407678706214    0.005551        
  17254   0.587     0.617     0.957     9.125      9.325      9.375      9.477     9.567     9.612     0.037     0.057     0.112     0.042     0.062     0.117     0.1925    0.00539059134047   0.03984         
  17265   1.187     1.727     4.432     8.375      8.525      8.625      9.782     9.797     9.822     1.027     1.097     1.247     1.027     1.097     1.252     0.5475    0.0136441150318    0.008431        
  17376   1.392     1.892     3.422     8.325      8.425      8.725      10.03     10.07     10.11     1.162     1.437     1.517     1.177     1.447     1.517     0.8675    0.0197412885851    0.005042        
  17418   0.002     0.002     0.002     7.075      7.075      7.075      7.002     7.002     7.002     -2.998    -2.998    -2.998    -2.998    -2.998    -2.998    2.5625    0.0515931439244    0.01828         
  17422   0.417     1.067     1.067     7.975      7.975      8.225      9.062     9.082     9.102     0.717     0.897     0.922     0.717     0.897     0.922     0.445     0.0113114057482    0.01673         
  17433   1.167     1.167     1.167     9.475      9.475      9.475      11.2      11.2      11.21     0.237     0.242     0.247     0.252     0.257     0.262     2.535     0.047474624801     0.0             
  17474   0.607     0.937     0.982     8.475      8.475      8.675      9.357     9.382     9.472     -0.063    0.657     0.707     0.622     0.677     0.742     0.6025    0.0132369218476    0.001772        
  17652   0.372     0.372     0.372     8.275      8.275      8.275      9.432     9.447     9.457     0.962     0.977     0.987     0.967     0.982     0.997     0.1925    0.00542044970459   0.0205          
  17843   1.042     1.587     1.587     8.275      8.275      8.675      9.512     9.522     9.612     0.777     1.027     1.037     0.777     1.037     1.047     0.535     0.01333266665      4.511E-4        
  18048   3.547     3.547     3.547     9.325      9.325      9.325      10.68     10.69     10.7      -0.378    -0.368    -0.363    -0.363    -0.353    -0.348    0.9675    0.0180661084631    0.0             
  18130   0.002     0.002     0.002     7.075      7.075      7.075      7.002     7.002     7.002     -2.998    -2.998    -2.998    -2.998    -2.998    -2.998    0.8875    0.0164677343615    0.0             
  18132   1.702     1.922     2.852     8.725      8.875      8.925      10.14     10.18     10.22     0.122     0.247     1.257     0.272     1.167     1.262     1.3625    0.0250755234242    0.02854         
  18146   0.697     0.697     5.077     8.075      8.625      8.625      8.917     8.967     8.982     0.142     0.157     0.632     0.152     0.167     0.642     1.03      0.0188291237183    0.0             
  18160   2.842     3.397     3.777     9.025      9.225      9.325      11.04     11.11     11.15     1.487     1.522     1.737     1.497     1.537     1.747     1.69      0.0352724694344    1.237E-4        
  18326   0.772     1.602     3.847     8.875      9.075      9.175      10.44     10.48     10.58     0.632     1.157     1.332     0.637     1.167     1.357     0.7775    0.016853292705     0.01397         
  18375   0.892     0.892     0.892     7.975      7.975      7.975      8.692     8.697     8.707     0.522     0.527     0.537     0.532     0.537     0.547     0.235     0.00833585028656   0.04996         
  18380   1.267     1.267     3.422     8.425      8.625      8.625      9.527     9.537     9.547     0.712     0.727     0.892     0.727     0.742     0.907     0.58      0.0138076935076    0.05508         
  18405   0.282     1.257     1.942     8.525      8.675      9.275      9.017     9.092     9.202     -1.093    -0.053    0.242     -0.043    0.242     0.547     0.14      0.00320622831377   0.04121         
  18413   0.292     1.217     1.217     8.225      8.275      8.575      8.752     8.802     8.897     0.157     0.332     0.357     0.162     0.332     0.357     0.2775    0.00857018669575   0.008982        
  18443   0.027     0.027     0.027     8.925      8.925      8.925      9.307     9.312     9.317     -0.218    -0.213    -0.208    -0.208    -0.203    -0.198    0.015     8.86834257344E-4   0.8933          
  18572   0.352     1.282     4.432     7.975      8.275      8.725      8.732     8.792     8.972     0.052     0.387     0.582     0.052     0.397     0.587     0.6075    0.0140988474706    0.006139        
  18619   1.572     3.467     3.467     8.975      9.075      9.075      9.727     9.782     9.792     0.357     0.387     0.402     0.362     0.392     0.407     1.18125   0.024493269994     0.008212        
  18661   2.247     4.102     4.102     9.125      9.175      9.225      10.31     10.37     10.38     0.742     0.992     1.002     0.747     0.997     1.007     1.475     0.0315241252852    0.01948         
  18715   1.797     1.797     1.797     9.425      9.425      9.425      10.55     10.56     10.56     0.887     0.892     0.892     0.892     0.897     0.897     1.2475    0.0249475344473    0.0             
  18732   1.537     1.537     1.537     8.775      8.775      8.775      9.307     9.317     9.322     0.052     0.062     0.067     0.057     0.067     0.072     0.1875    0.0069343546924    0.1188          
  18767   0.322     2.402     2.402     9.125      9.125      9.325      10.09     10.14     10.14     -0.978    -0.113    -0.113    -0.958    -0.113    -0.113    1.05125   0.0200488303898    0.0             
  18821   2.592     2.592     3.157     8.775      8.775      8.825      10.76     10.78     10.82     1.607     1.622     1.647     1.612     1.627     1.652     1.86      0.0378254001962    0.005297        
  18908   0.672     1.832     3.842     8.675      8.725      9.125      9.617     9.687     9.792     0.437     0.662     0.827     0.447     0.667     0.827     0.715     0.0156522011232    0.0             
  18941   1.412     1.412     1.412     9.375      9.375      9.375      10.39     10.4      10.4      -1.183    -1.178    -1.173    -1.168    -1.163    -1.158    0.8325    0.0154069554098    0.002402        
  18946   1.487     1.767     1.767     8.675      9.025      9.025      9.237     9.322     9.327     0.142     0.152     0.352     0.152     0.157     0.367     0.51      0.0120767741968    0.0             
  19133   2.987     2.987     2.987     8.325      8.325      8.325      8.922     8.927     8.932     0.412     0.417     0.422     0.412     0.417     0.422     0.42      0.0102595455552    0.04189         
  19136   0.782     0.797     4.482     8.675      8.825      8.925      9.807     9.837     9.902     0.767     0.797     1.007     0.777     0.802     1.012     0.2275    0.0074871489901    0.01412         
  19176   0.407     0.407     0.407     8.675      8.675      8.675      9.127     9.137     9.142     0.227     0.242     0.247     0.232     0.247     0.252     0.2125    0.00583582684801   0.08421         
  19202   1.527     2.577     3.857     8.575      8.775      8.875      9.117     9.147     9.177     0.012     0.177     0.362     0.027     0.187     0.372     0.76      0.0163828996213    0.04856         
  19422   2.277     2.587     3.852     8.825      9.025      9.175      10.37     10.44     10.47     1.007     1.142     1.262     1.012     1.147     1.267     1.875     0.0375021319394    0.001927        
  19508   4.897     4.897     4.897     8.525      8.525      8.525      10.67     10.67     10.67     1.987     1.987     1.987     1.987     1.987     1.987     3.97      0.0779505137892    0.0             
  19633   1.142     1.257     2.747     8.575      8.825      8.975      9.942     9.992     10.07     0.847     0.907     1.162     0.852     0.917     1.162     0.9675    0.0216332128913    0.01114         
  20066   0.237     0.237     0.237     8.575      8.575      8.575      9.252     9.252     9.252     0.467     0.467     0.467     0.477     0.477     0.477     0.1025    0.00269473560855   0.0             
  20168   0.892     2.132     3.677     8.525      8.625      8.825      9.942     9.967     9.997     0.947     1.147     1.197     0.957     1.157     1.207     0.1225    0.00670928274855   0.03165         
  20261   1.192     1.192     2.432     8.875      9.025      9.025      9.592     9.612     9.627     0.442     0.462     0.872     0.447     0.467     0.872     0.2375    0.00784129453598   0.007851        
  20344   0.957     1.542     3.392     8.625      8.725      8.825      9.617     9.632     9.717     0.232     0.712     0.797     0.727     0.807     0.972     0.345     0.00911462560943   0.007049        
  20539   1.187     1.227     3.577     8.425      8.525      8.625      9.427     9.457     9.472     0.677     0.692     0.817     0.682     0.697     0.822     0.6225    0.0136239595933    0.005418        
  20627   0.702     0.957     1.322     8.625      8.625      8.725      9.477     9.497     9.592     0.632     0.652     0.807     0.642     0.662     0.812     0.3975    0.00939357626253   0.006757        
  20639   2.342     3.212     3.487     8.925      8.975      9.175      10.6      10.64     10.67     1.332     1.392     1.497     1.332     1.402     1.502     1.975     0.0402930747772    0.001709        
  20663   1.282     1.282     1.637     8.425      8.425      8.525      9.022     9.027     9.052     0.367     0.372     0.382     0.377     0.387     0.397     0.77      0.0177046399286    5.408E-4        
  20860   1.752     2.077     2.077     8.675      8.675      8.875      8.907     8.947     8.957     0.127     0.137     0.822     0.127     0.137     0.602     1.005     0.0240327791776    0.0             
  21038   1.872     3.102     3.717     8.775      8.875      9.175      10.35     10.38     10.44     1.057     1.217     1.267     0.982     1.222     1.267     1.3475    0.0287808421524    0.0032          
  21174   1.237     1.257     1.257     8.975      9.075      9.275      9.447     9.522     9.647     0.082     0.122     0.252     0.082     0.122     0.257     0.3525    0.0103832497321    0.0151          
  21201   0.532     0.532     3.247     9.075      9.075      9.125      9.172     9.227     9.242     -0.258    -0.178    -0.163    -0.248    -0.168    -0.153    0.4       0.00857108365377   0.009239        
  21226   1.197     1.687     1.802     8.825      8.925      9.025      9.402     9.427     9.447     0.167     0.292     0.362     0.177     0.297     0.367     0.72      0.0159662730466    0.00684         
  21315   0.097     0.097     1.377     8.225      8.325      8.325      8.772     8.777     8.807     -0.858    -0.848    0.337     0.332     0.797     0.802     0.065     0.00152852870434   0.9725          
  21329   3.427     3.687     4.272     8.575      8.575      8.575      9.892     9.907     9.917     0.427     0.452     0.507     0.447     0.472     0.512     1.8575    0.0351323269938    0.01395         
  21379   0.167     0.167     0.167     8.375      8.375      8.375      9.507     9.517     9.522     0.937     0.947     0.952     0.942     0.952     0.957     0.09      0.00274103538832   0.06616         
  21708   3.962     3.962     3.962     8.775      8.775      8.775      10.73     10.73     10.73     1.782     1.782     1.782     1.782     1.782     1.782     2.8075    0.0536958182729    2.677E-4        
  21772   1.717     1.717     1.717     9.325      9.325      9.325      10.78     10.79     10.79     -0.448    -0.443    -0.443    -0.433    -0.428    -0.428    1.0475    0.0195023870334    0.0             
  21894   3.862     3.862     3.862     9.125      9.125      9.125      10.49     10.49     10.49     -0.278    -0.278    -0.278    -0.273    -0.273    -0.273    2.1275    0.0392439584522    0.0             
  21926   2.107     2.107     2.107     9.175      9.175      9.175      10.9      10.9      10.91     0.337     0.337     0.347     0.352     0.352     0.362     1.0925    0.0205723503762    0.0             
  21963   0.842     3.267     4.082     8.475      8.725      8.875      9.277     9.292     9.332     0.262     0.402     0.627     0.272     0.412     0.627     0.665     0.0152130700386    0.002812        
  21971   1.392     1.392     1.392     9.225      9.225      9.225      9.262     9.267     9.277     -1.398    -1.393    -1.383    -1.393    -1.388    -1.378    0.6325    0.0117251556493    0.0             
  22002   4.062     4.062     4.062     9.475      9.475      9.475      11.38     11.38     11.38     -0.163    -0.163    -0.158    -0.143    -0.143    -0.138    0.99      0.0183634276485    7.137E-4        
  22059   2.512     2.587     3.537     9.225      9.275      9.475      10.77     10.86     10.9      0.302     0.687     0.812     0.312     0.697     0.817     1.7025    0.0329064777058    0.01811         
  22173   0.137     0.217     0.342     9.275      9.375      9.475      10.05     10.13     10.23     0.212     0.382     0.567     0.227     0.392     0.567     0.0925    0.00439904535098   0.3722          
  22279   3.342     3.382     3.382     8.875      8.875      9.075      10.5      10.51     10.52     0.652     1.477     1.477     0.662     1.477     1.477     1.935     0.038064518912     0.0             
  22312   0.267     0.267     0.267     7.875      7.875      7.875      8.292     8.302     8.312     0.222     0.232     0.242     0.232     0.242     0.252     0.145     0.00413901860349   0.008884        
  22343   0.967     1.222     2.382     9.175      9.175      9.275      9.932     9.947     10.04     0.327     0.492     0.547     0.332     0.502     0.552     0.3475    0.00935923474436   0.02603         
  22371   2.097     3.022     3.882     8.625      8.775      8.925      10.82     10.87     10.9      1.767     1.867     2.037     1.777     1.902     2.047     2.24625   0.0450527191188    0.001247        
  22385   2.172     3.207     4.187     8.625      8.725      8.875      10.13     10.14     10.16     1.147     1.227     1.282     1.152     1.232     1.297     0.9625    0.0218331994907    0.004569        
  22456   2.302     2.722     3.977     8.975      9.075      9.225      10.54     10.57     10.6      1.082     1.172     1.372     1.097     1.222     1.407     1.9875    0.0411667049932    0.006469        
  22632   1.217     1.217     1.217     7.925      7.925      7.925      8.827     8.832     8.842     0.707     0.717     0.722     0.717     0.727     0.732     1.02      0.0207759109307    0.01668         
  22697   1.027     1.532     2.792     8.825      8.825      8.975      9.112     9.137     9.157     0.007     0.082     0.132     0.012     0.087     0.132     0.7575    0.0154487952605    0.002177        
  22727   0.797     0.797     0.797     9.025      9.025      9.025      9.077     9.077     9.077     -0.093    -0.093    -0.093    -0.088    -0.088    -0.088    0.145     0.00434702196912   0.0             
  22795   4.612     4.612     4.612     9.025      9.025      9.025      10.21     10.21     10.21     0.012     0.012     0.017     0.012     0.012     0.017     2.1625    0.0405498150427    6.682E-5        
  22804   0.307     0.557     1.372     8.525      8.725      8.775      9.202     9.267     9.327     0.217     0.427     0.487     0.232     0.427     0.492     0.42      0.00883748267325   0.0             
  22833   1.277     1.602     1.772     8.875      9.075      9.325      9.512     9.547     9.647     -1.288    -0.463    0.417     -1.278    -0.458    0.422     0.38      0.00709243258692   0.07781         
  22834   3.277     3.632     3.632     8.725      8.775      8.775      10.6      10.65     10.65     0.597     0.642     0.642     0.602     1.782     1.782     2.0075    0.0371153132144    0.0             
  22847   2.027     2.027     2.027     9.275      9.275      9.275      10.29     10.32     10.33     -0.328    -0.318    -0.308    -0.318    -0.308    -0.298    0.4775    0.00942076960763   0.005088        
  22857   0.697     0.887     1.817     8.925      9.025      9.125      9.917     9.957     10.01     0.527     0.647     0.737     0.537     0.647     0.747     0.0925    0.0055956478624    0.06454         
  22919   4.352     4.352     4.352     8.925      8.925      8.925      10.75     10.75     10.75     0.362     0.362     0.362     0.372     0.372     0.372     2.4525    0.0455627531543    0.0             
  23053   0.842     1.392     3.237     8.325      8.525      8.725      9.942     9.992     10.04     1.097     1.282     1.447     1.102     1.292     1.452     0.415     0.00979481878342   0.008272        
  23086   1.307     1.307     1.307     9.425      9.425      9.425      9.407     9.432     9.442     0.647     0.662     0.672     0.647     0.662     0.672     0.715     0.0199616407141    4.793E-4        
  23156   0.527     0.527     0.527     9.125      9.125      9.125      9.432     9.432     9.437     0.032     0.032     0.037     0.032     0.032     0.037     0.0625    0.00226673774398   0.0             
  23250   1.217     2.457     5.697     9.025      9.275      9.275      9.687     9.787     9.802     -0.118    0.287     0.342     -0.108    0.287     0.347     1.06      0.0246393912262    0.0214          
  23316   1.947     3.037     4.542     8.975      9.025      9.225      10.1      10.11     10.18     -0.103    -0.058    0.537     -0.098    -0.053    0.537     1.4775    0.0275725746894    0.008468        
  23351   0.222     0.222     0.222     9.425      9.425      9.425      9.652     9.657     9.662     -0.503    -0.498    -0.493    -0.493    -0.488    -0.483    0.0425    0.00138025359989   0.4269          
  23441   2.432     2.817     3.332     8.825      9.075      9.275      10.3      10.33     10.39     0.887     0.922     1.172     0.907     0.942     1.092     1.73      0.0344632917029    0.005033        
  23451   0.427     0.942     0.942     8.825      8.825      9.025      9.267     9.287     9.382     0.227     0.292     0.307     0.227     0.292     0.307     0.155     0.00659715847922   0.03463         
  23491   0.677     0.677     0.677     9.375      9.375      9.375      9.807     9.812     9.817     -0.748    -0.743    -0.738    -0.738    -0.733    -0.728    0.425     0.00799938122607   0.001688        
  23570   2.712     2.712     2.712     9.125      9.125      9.125      9.382     9.387     9.392     -0.073    -0.063    -0.048    0.782     0.792     0.802     0.5975    0.0110697786789    0.005614        
  23579   2.477     2.477     2.477     8.925      8.925      8.925      10.46     10.46     10.46     0.252     0.252     0.252     0.262     0.262     0.262     2.175     0.0401672752374    0.0             
  23685   0.357     1.237     3.147     8.275      8.575      8.625      9.297     9.437     9.472     0.662     0.687     0.832     0.667     0.687     0.837     0.2175    0.00603135764153   0.003278        
  23720   0.977     1.127     1.127     8.675      8.675      8.675      8.992     8.997     9.012     -0.113    -0.103    0.077     0.127     0.182     0.187     0.195     0.00589617672734   0.003672        
  23761   2.072     2.072     3.957     8.925      9.425      9.425      10.58     10.78     10.79     0.267     0.282     0.977     0.282     0.297     0.987     1.7675    0.0352999925637    1.159E-4        
  23795   0.662     1.447     1.447     9.275      9.475      9.475      10.46     10.71     10.73     -0.168    0.162     0.177     -0.158    0.172     0.187     0.8425    0.0159326269021    0.006035        
  23817   0.722     0.927     4.272     8.125      8.175      8.175      8.972     9.017     9.032     0.642     0.667     0.687     0.642     0.667     0.687     0.5225    0.00952226207369   0.002995        
  23844   0.072     1.092     1.092     8.475      8.475      9.025      9.407     9.412     9.662     0.292     0.687     0.692     0.302     0.702     0.707     0.1975    0.00740413904516   0.0             
  23851   0.482     0.482     0.482     8.375      8.375      8.375      8.752     8.757     8.767     0.212     0.217     0.222     0.217     0.222     0.227     0.18      0.00568330889535   0.02275         
  23855   1.947     2.117     3.382     8.825      8.875      9.075      10.04     10.06     10.09     0.797     0.877     0.957     0.807     0.877     0.967     2.395     0.0459212943524    0.0071          
  23882   1.282     3.087     3.087     9.025      9.075      9.325      9.452     9.477     9.687     -0.528    -0.503    0.212     -0.523    -0.498    0.217     0.365     0.00841052168418   0.05519         
  23903   0.272     0.272     0.272     8.375      8.375      8.375      8.922     8.927     8.932     0.322     0.327     0.332     0.332     0.337     0.342     0.0675    0.00317175030543   0.1602          
  23927   2.042     2.307     4.137     9.075      9.275      9.425      10.14     10.34     10.46     -0.143    -0.118    0.662     -0.128    -0.103    0.677     1.1425    0.02124914763      0.02123         
  23941   0.917     1.067     1.067     8.225      8.225      8.575      8.977     8.987     9.067     0.317     0.527     0.542     0.322     0.542     0.557     0.385     0.00988907983586   0.01106         
  24066   0.407     0.407     0.407     8.325      8.325      8.325      8.837     8.847     8.857     0.302     0.312     0.322     0.312     0.322     0.332     0.1775    0.00442769409512   0.01175         
  24130   0.752     1.102     1.747     9.175      9.375      9.425      10.68     10.88     10.93     -0.103    0.302     0.417     -0.088    0.312     0.422     0.47875   0.00902595701297   0.02224         
  24144   1.127     1.127     2.757     8.525      8.825      8.825      9.167     9.182     9.207     0.157     0.172     0.377     0.162     0.177     0.387     0.2175    0.00662354889768   0.01104         
  24185   0.717     1.377     2.487     9.025      9.125      9.275      10.27     10.32     10.37     0.817     0.927     1.027     0.827     0.932     1.017     0.3725    0.0105040694495    0.03246         
  24257   0.617     0.942     2.072     8.525      8.825      9.075      9.497     9.542     9.657     0.522     0.572     0.807     0.557     0.587     0.807     0.5125    0.0132279212275    0.005131        
  24313   1.157     1.157     1.157     8.675      8.675      8.675      9.707     9.707     9.717     -0.268    -0.268    -0.258    -0.258    -0.258    -0.248    0.0675    0.00170293863659   0.0             
  24316   1.627     3.067     3.177     8.725      8.825      8.975      10.27     10.29     10.31     1.062     1.292     1.377     1.072     1.297     1.382     0.9975    0.0213794732161    0.006285        
  24336   2.602     2.602     2.602     9.275      9.275      9.275      9.077     9.077     9.087     -1.028    -1.028    -1.018    -1.023    -1.023    -1.013    0.115     0.00263853652618   0.0             
  24348   2.662     2.662     2.662     9.375      9.375      9.375      11.06     11.06     11.07     -0.248    -0.248    -0.243    -0.228    -0.228    -0.223    1.095     0.0203759533519    4.423E-4        
  24354   2.457     3.392     3.427     8.775      8.925      8.975      10.41     10.45     10.5      1.152     1.422     1.497     1.167     1.422     1.497     1.93875   0.0400858840491    5.76E-4         
  24355   1.402     2.952     2.952     7.975      8.225      8.225      9.537     9.697     9.697     1.057     1.262     1.262     1.202     1.267     1.267     0.9225    0.0186266636841    1.485E-4        
  24372   2.117     2.117     2.117     9.325      9.325      9.325      10.88     10.89     10.89     -0.648    -0.643    -0.638    -0.633    -0.628    -0.623    0.375     0.00708041488897   0.009529        
  24389   0.077     0.077     0.077     9.225      9.225      9.225      9.312     9.312     9.312     -0.033    -0.033    -0.033    -0.028    -0.028    -0.028    0.0525    0.00150332963784   0.0             
  24408   0.867     3.912     3.912     9.375      9.375      9.425      9.712     9.727     9.872     -1.343    -1.323    -0.958    -1.333    -1.313    -0.948    0.55      0.0103531094363    0.1086          
  24497   4.187     4.187     4.187     8.625      8.625      8.625      10.96     10.96     10.98     2.172     2.172     2.197     2.177     2.177     2.202     0.9625    0.0187980025535    0.4595          
  24511   1.702     2.337     3.957     8.875      8.975      9.075      9.812     9.842     9.902     0.537     0.667     0.752     0.362     0.582     0.757     0.3125    0.012025581067     0.03193         
  24720   0.582     4.037     4.037     8.675      8.875      8.875      9.282     9.302     9.312     0.257     0.267     0.477     0.262     0.272     0.437     0.18      0.00481994553911   0.0             
  24779   2.022     2.867     2.867     8.925      9.075      9.175      10.93     11.06     11.1      1.467     1.797     1.807     1.477     1.797     1.812     1.935     0.0386418228737    0.002008        
  24785   0.472     0.472     0.472     8.425      8.425      8.425      8.942     8.942     8.952     0.307     0.307     0.317     0.312     0.312     0.322     0.1075    0.00462043288015   0.0             
  24786   0.937     0.947     0.947     8.275      8.275      8.425      9.017     9.027     9.097     0.567     0.577     0.587     0.577     0.587     0.597     0.52      0.0117802122222    0.219           
  24814   0.572     0.572     0.572     9.125      9.125      9.125      9.537     9.547     9.557     -0.028    -0.018    -0.008    0.587     0.597     0.607     0.075     0.00289134916605   0.02368         
  24851   1.047     1.277     2.037     8.925      9.075      9.175      9.157     9.217     9.262     -0.278    -0.123    0.032     -0.278    -0.108    0.032     0.275     0.00851648254856   0.06314         
  24862   3.337     3.337     3.337     9.475      9.475      9.475      10.51     10.52     10.53     -0.763    -0.758    -0.748    -0.748    -0.743    -0.733    1.455     0.0270637562064    1.282E-4        
  24943   1.527     2.392     3.342     8.725      8.775      9.175      10.24     10.27     10.3      0.162     1.227     1.422     0.167     1.237     1.422     1.465     0.0276298185843    0.006534        
  25028   0.647     0.647     1.207     8.675      9.175      9.175      9.457     9.522     9.532     -0.653    -0.643    0.562     -0.643    -0.633    0.567     0.6175    0.0137755798426    0.0342          
  25037   2.492     2.492     3.007     8.625      9.275      9.275      10.09     10.25     10.26     -0.043    -0.033    1.277     1.347     1.572     1.587     1.745     0.0322307523958    0.01327         
  25060   3.197     3.197     3.197     9.325      9.325      9.325      10.84     10.84     10.85     -0.243    -0.238    -0.233    -0.233    -0.228    -0.223    0.76      0.0143715160996    0.0             
  25120   2.552     2.942     3.762     8.525      8.575      8.675      10.26     10.3      10.33     1.362     1.527     1.557     1.392     1.547     1.582     2.0625    0.0418997613358    0.00305         
  25137   1.197     1.222     2.017     8.175      8.575      8.575      9.672     9.727     9.767     0.927     0.937     1.292     0.942     0.952     1.307     0.8125    0.0166912394687    0.004447        
  25206   1.637     1.637     1.637     9.425      9.425      9.425      11.56     11.57     11.57     1.042     1.052     1.057     1.047     1.057     1.062     1.2075    0.0226793579054    0.001277        
  25211   0.332     0.332     0.332     8.925      8.925      8.925      9.157     9.162     9.162     0.007     0.012     0.012     0.017     0.022     0.022     0.1325    0.00351914762407   0.0             
  25246   0.332     0.332     1.087     9.225      9.225      9.475      10.43     10.44     10.61     0.592     0.597     0.762     0.597     0.602     0.767     0.1825    0.00435204262387   0.0             
  25248   0.867     0.867     1.007     8.575      8.775      8.775      9.237     9.242     9.252     0.282     0.292     0.477     0.287     0.297     0.482     0.6475    0.0146693251379    0.03548         
  25250   3.562     3.562     3.562     9.175      9.175      9.175      11.01     11.01     11.01     -0.408    -0.408    -0.408    -0.393    -0.393    -0.393    1.7925    0.0330119201956    0.0             
  25270   0.807     1.487     2.067     8.675      8.725      8.875      9.577     9.602     9.672     0.067     0.582     0.707     0.347     0.597     0.712     0.6775    0.0165876301803    0.009733        
  25295   2.707     3.517     3.562     8.625      8.825      9.025      10.86     10.91     11.03     1.682     1.707     2.077     1.697     1.717     2.087     2.53      0.0499278326688    2.412E-4        
  25341   0.242     2.472     2.472     8.475      8.475      8.775      9.032     9.047     9.167     -0.038    0.357     0.372     -0.023    0.367     0.382     0.39      0.00975076920043   0.1208          
  25373   1.032     1.222     1.852     8.425      8.625      8.825      9.437     9.487     9.537     0.457     0.657     0.832     0.572     0.682     0.852     0.83      0.0184818147107    0.008511        
  25389   0.247     0.247     0.247     8.875      8.875      8.875      8.747     8.752     8.757     -0.313    -0.308    -0.303    -0.308    -0.303    -0.298    0.1225    0.00289110273079   0.1912          
  25406   1.277     1.277     1.277     8.875      8.875      8.875      9.447     9.457     9.462     -0.308    -0.298    -0.293    -0.308    -0.298    -0.293    0.5725    0.0109435871633    0.0             
  25465   2.362     2.362     2.362     9.225      9.225      9.225      11.09     11.1      11.1      0.437     0.452     0.452     0.452     0.467     0.467     1.64125   0.0304573882662    0.0             
  25489   4.522     4.522     4.522     9.125      9.125      9.125      10.94     10.95     10.96     0.222     0.232     0.237     0.237     0.247     0.252     1.70125   0.0315124876041    5.246E-4        
  25565   1.602     1.602     1.602     9.225      9.225      9.225      8.737     8.752     8.767     -1.778    -1.763    -1.748    -1.768    -1.753    -1.738    0.08      0.00205095099893   0.4768          
  25573   1.327     2.542     4.252     9.175      9.325      9.325      10.87     10.89     10.93     0.717     0.797     0.822     0.732     0.802     0.832     0.89      0.0176306062006    0.005631        
  25681   0.927     0.927     0.927     9.275      9.275      9.275      9.657     9.667     9.677     -1.103    -1.093    -1.083    -1.093    -1.083    -1.073    0.1075    0.0025             0.0453          
  25794   0.927     2.482     3.062     9.025      9.175      9.225      9.757     9.832     9.857     0.177     0.432     0.522     0.182     0.432     0.522     1.17      0.0241121629059    0.00336         
  26039   3.802     3.802     4.902     8.525      8.825      8.825      9.292     9.302     9.312     -0.393    0.012     0.027     -0.388    0.022     0.037     0.2825    0.00563910232218   0.07889         
  26092   1.292     2.477     4.082     8.675      8.775      8.775      10.27     10.32     10.39     0.982     1.052     1.507     0.987     1.052     1.507     1.3375    0.0275732093707    0.002643        
  26173   2.307     2.307     2.307     9.225      9.225      9.225      10.21     10.22     10.22     -0.138    -0.133    -0.118    -0.128    -0.123    -0.108    0.9575    0.0180186979274    0.01046         
  26185   1.917     2.587     4.272     8.725      8.775      9.225      10.18     10.23     10.36     0.632     1.017     1.252     0.647     1.022     1.267     1.945     0.038628037421     0.004816        
  26255   0.642     0.642     0.827     8.425      8.675      8.675      9.767     9.807     9.827     0.922     0.937     1.082     0.937     0.952     1.092     0.1875    0.00572079321423   0.01305         
  26300   2.007     3.027     4.672     8.925      9.125      9.275      10.19     10.36     10.47     -0.198    0.377     1.022     -0.193    0.382     1.027     2.1475    0.0396545946266    0.009429        
  26345   0.482     1.192     2.387     8.375      8.375      8.975      9.432     9.442     9.572     0.242     0.847     0.857     0.557     0.862     0.872     0.49      0.0123774502625    0.005516        
  26397   0.527     0.527     0.527     9.125      9.125      9.125      9.202     9.202     9.202     -0.198    -0.198    -0.198    -0.198    -0.198    -0.198    0.0625    0.00214126131054   0.0             
  26398   1.577     2.122     2.722     8.525      8.775      8.875      10.09     10.13     10.19     1.037     1.177     1.337     1.052     1.177     1.347     1.395     0.0304333185013    0.01145         
  26476   1.617     1.617     2.272     8.375      8.375      8.425      9.367     9.372     9.422     0.762     0.767     0.777     0.772     0.777     0.787     0.6275    0.0147304743644    0.02525         
  26491   0.382     0.382     0.382     8.425      8.425      8.425      8.942     8.942     8.942     0.367     0.367     0.367     0.372     0.372     0.372     0.2425    0.00531210645601   0.0             
  26535   1.327     1.327     1.327     9.325      9.325      9.325      10.91     10.91     10.91     -0.108    -0.103    -0.103    -0.093    -0.088    -0.088    0.79125   0.0147962360079    0.0             
  26600   1.557     1.557     1.557     8.575      8.575      8.575      9.007     9.012     9.017     0.247     0.252     0.257     0.257     0.262     0.267     0.68      0.0141704719399    0.008796        
  26605   0.352     0.352     0.352     8.725      8.725      8.725      8.957     8.962     8.972     0.022     0.027     0.037     0.022     0.027     0.037     0.0825    0.0029193321154    0.1641          
  26618   1.712     3.302     4.867     8.775      8.775      9.325      9.582     9.627     9.812     -0.848    -0.368    -0.118    -0.833    -0.358    -0.113    0.5025    0.0101795137408    0.1016          
  26647   0.862     1.457     1.787     8.675      8.725      8.775      9.367     9.422     9.447     0.362     0.482     0.537     0.367     0.492     0.542     0.19      0.00633470401834   0.03392         
  26722   3.092     4.487     4.487     9.325      9.375      9.375      10.35     10.35     10.37     0.787     0.792     0.802     0.792     0.792     0.802     1.67      0.0352313706092    0.0             
  26755   2.422     2.997     4.427     9.025      9.075      9.175      11.13     11.15     11.19     1.607     1.847     1.902     1.617     1.847     1.907     1.515     0.0311601103175    4.924E-4        
