#lambda_AA	response
61511.50   0.000071
61584.60   0.000124
61657.80   0.000188
61731.20   0.000206
61804.80   0.000180
61878.60   0.000147
61952.50   0.000096
62026.60   0.000050
62100.90   0.000083
62175.30   0.000123
62250.00   0.000147
62324.80   0.000198
62399.80   0.000228
62475.00   0.000231
62550.30   0.000232
62625.90   0.000287
62701.60   0.000471
62777.50   0.000768
62853.60   0.001189
62929.90   0.002016
63006.40   0.003362
63083.00   0.005239
63159.80   0.007906
63236.90   0.011740
63314.10   0.016260
63391.50   0.021640
63469.10   0.028570
63546.90   0.036160
63624.80   0.043950
63703.00   0.053290
63781.30   0.062440
63859.90   0.073090
63938.60   0.085940
64017.60   0.100400
64096.70   0.112900
64176.00   0.125500
64255.60   0.137800
64335.30   0.148500
64415.20   0.158900
64495.30   0.167100
64575.60   0.174000
64656.10   0.179300
64736.90   0.184800
64817.80   0.189800
64898.90   0.197100
64980.20   0.204900
65061.80   0.211700
65143.50   0.217000
65225.40   0.219900
65307.60   0.221500
65390.00   0.224000
65472.50   0.227200
65555.30   0.229500
65638.30   0.231300
65721.50   0.232600
65804.90   0.232800
65888.50   0.232900
65972.30   0.233500
66056.30   0.233100
66140.60   0.232500
66225.10   0.230100
66309.80   0.228000
66394.70   0.226100
66479.80   0.223700
66565.10   0.222600
66650.70   0.221600
66736.50   0.222000
66822.50   0.223600
66908.70   0.226200
66995.10   0.228600
67081.80   0.231000
67168.70   0.233000
67255.80   0.234700
67343.20   0.236000
67430.70   0.237200
67518.50   0.237800
67606.60   0.239300
67694.80   0.240600
67783.30   0.241800
67872.00   0.242900
67961.00   0.244000
68050.20   0.244800
68139.60   0.246100
68229.30   0.247100
68319.10   0.248100
68409.30   0.248500
68499.60   0.249100
68590.30   0.249400
68681.10   0.249200
68772.20   0.248800
68863.50   0.248300
68955.10   0.247700
69046.90   0.247300
69139.00   0.247600
69231.30   0.248500
69323.80   0.249200
69416.60   0.249100
69509.70   0.248800
69603.00   0.247900
69696.50   0.246900
69790.40   0.245000
69884.40   0.243400
69978.70   0.242400
70073.30   0.241800
70168.10   0.241800
70263.20   0.241400
70358.50   0.241000
70454.10   0.240900
70550.00   0.240300
70646.10   0.239600
70742.50   0.239200
70839.10   0.239600
70936.00   0.240300
71033.20   0.241100
71130.60   0.241800
71228.30   0.242200
71326.30   0.242100
71424.60   0.241700
71523.10   0.241300
71621.90   0.240700
71720.90   0.240800
71820.30   0.241800
71919.90   0.243300
72019.80   0.244700
72119.90   0.246000
72220.40   0.247700
72321.10   0.249300
72422.10   0.249700
72523.40   0.249400
72625.00   0.248300
72726.80   0.246200
72829.00   0.243800
72931.40   0.242700
73034.10   0.242000
73137.10   0.242800
73240.40   0.244200
73344.00   0.246800
73447.90   0.249500
73552.10   0.252600
73656.60   0.254300
73761.40   0.255600
73866.40   0.256300
73971.80   0.255600
74077.50   0.254700
74183.50   0.253700
74289.70   0.253000
74396.30   0.253900
74503.20   0.255900
74610.40   0.259100
74717.90   0.262900
74825.70   0.266500
74933.90   0.270000
75042.30   0.272800
75151.10   0.275500
75260.10   0.277800
75369.50   0.279600
75479.20   0.280900
75589.30   0.282200
75699.60   0.283000
75810.30   0.283100
75921.30   0.282600
76032.60   0.281600
76144.20   0.281300
76256.20   0.281400
76368.50   0.282100
76481.20   0.283700
76594.10   0.285700
76707.40   0.287200
76821.10   0.288100
76935.10   0.288300
77049.40   0.287200
77164.00   0.286600
77279.00   0.285700
77394.40   0.285900
77510.10   0.286700
77626.10   0.287900
77742.50   0.289100
77859.20   0.290600
77976.30   0.292300
78093.70   0.293900
78211.50   0.295300
78329.70   0.297100
78448.20   0.299000
78567.00   0.300700
78686.20   0.301600
78805.80   0.302200
78925.80   0.301400
79046.10   0.300200
79166.80   0.298000
79287.80   0.296100
79409.20   0.295200
79531.00   0.294800
79653.20   0.295700
79775.70   0.296700
79898.70   0.297700
80022.00   0.299000
80145.60   0.300200
80269.70   0.301300
80394.20   0.302400
80519.00   0.303200
80644.20   0.305000
80769.80   0.306100
80895.80   0.308000
81022.20   0.308900
81149.00   0.309000
81276.20   0.309100
81403.80   0.308600
81531.80   0.308100
81660.20   0.307900
81789.00   0.308500
81918.20   0.309500
82047.80   0.311300
82177.90   0.312700
82308.30   0.313700
82439.20   0.313700
82570.40   0.313700
82702.10   0.313400
82834.20   0.312800
82966.80   0.312500
83099.70   0.312800
83233.10   0.312500
83366.90   0.311900
83501.20   0.310800
83635.90   0.309900
83771.00   0.309400
83906.50   0.309500
84042.50   0.310100
84178.90   0.311700
84315.80   0.313000
84453.10   0.313600
84590.90   0.314000
84729.10   0.313700
84867.80   0.312400
85006.90   0.311300
85146.50   0.310900
85286.60   0.311200
85427.10   0.311200
85568.00   0.311700
85709.50   0.312600
85851.40   0.312200
85993.80   0.312100
86136.60   0.310200
86279.90   0.308500
86423.70   0.306000
86568.00   0.302600
86712.80   0.298100
86858.00   0.294300
87003.70   0.290900
87150.00   0.289200
87296.70   0.289800
87443.90   0.291600
87591.60   0.293800
87739.80   0.295800
87888.50   0.297300
88037.70   0.298400
88187.50   0.298100
88337.70   0.296500
88488.50   0.293900
88639.70   0.291400
88791.50   0.288900
88943.80   0.287500
89096.60   0.285700
89250.00   0.284100
89403.80   0.282700
89558.30   0.280600
89713.20   0.278100
89868.70   0.275600
90024.70   0.273700
90181.30   0.271300
90338.40   0.268600
90496.00   0.265900
90654.30   0.264100
90813.00   0.261600
90972.30   0.257800
91132.20   0.253600
91292.70   0.249700
91453.70   0.242900
91615.20   0.234500
91777.40   0.224200
91940.10   0.214100
92103.40   0.201500
92267.30   0.189800
92431.80   0.177400
92596.80   0.165300
92762.50   0.153400
92928.70   0.143700
93095.60   0.133400
93263.00   0.123500
93431.00   0.113200
93599.70   0.102200
93769.00   0.090730
93938.80   0.079150
94109.30   0.067830
94280.40   0.056070
94452.20   0.045780
94624.50   0.036040
94797.50   0.027390
94971.10   0.020150
95145.40   0.014450
95320.30   0.010210
95495.80   0.007234
95672.00   0.004910
95848.90   0.003291
96026.40   0.002300
96204.50   0.001616
96383.30   0.001144
96562.80   0.000818
96743.00   0.000510
96923.80   0.000279
97105.30   0.000166
97287.50   0.000118
97470.40   0.000090
97653.90   0.000115
97838.20   0.000134
98023.10   0.000066
98208.80   0.000048
98395.10   0.000095
98582.20   0.000102
98770.00   0.000164
98958.50   0.000299
99147.70   0.000334
99337.60   0.000325
99528.30   0.000320
99719.70   0.000276
99911.80   0.000291
100105.00   0.000274
100298.00   0.000161
100493.00   0.000157
100688.00   0.000208
100884.00   0.000188
101080.00   0.000145
101278.00   0.000160
101476.00   0.000233
101675.00   0.000289
101875.00   0.000264
102075.00   0.000182
102277.00   0.000088
102479.00   0.000047
102682.00   0.000114
102885.00   0.000213
103090.00   0.000245
103295.00   0.000214
103501.00   0.000196
103708.00   0.000202
103916.00   0.000230
104125.00   0.000273
104334.00   0.000271
104545.00   0.000259
104756.00   0.000252
104968.00   0.000190
